T	Packet per tau	Transmissions per tau
0	0	0
1	0	0
2	12	1
3	12	1
4	13	2
5	13	2
6	26	4
7	26	4
8	26	4
9	26	4
10	26	4
11	34	5
12	34	5
13	36	7
14	36	7
15	60	9
16	60	9
17	60	9
18	60	9
19	60	9
20	60	9
21	60	9
22	60	9
23	60	9
24	60	9
25	60	9
26	60	9
27	68	10
28	68	10
29	77	13
30	101	15
31	125	17
32	125	17
33	125	17
34	125	17
35	125	17
36	125	17
37	133	19
38	133	19
39	133	19
40	133	19
41	133	19
42	145	20
43	146	21
44	154	22
45	167	24
46	168	25
47	180	25
48	218	27
49	257	28
50	258	29
51	258	29
52	277	29
53	296	29
54	296	29
55	310	30
56	310	30
57	310	30
58	310	30
59	310	30
60	310	30
61	318	31
62	318	31
63	318	31
64	318	31
65	318	31
66	318	31
67	329	31
68	338	32
69	356	34
70	392	35
71	415	36
72	415	36
73	419	36
74	419	36
75	451	38
76	451	38
77	470	39
78	481	40
79	481	40
80	481	40
81	524	42
82	533	42
83	533	42
84	533	42
85	534	42
86	552	45
87	564	45
88	564	45
89	564	45
90	576	46
91	576	46
92	576	46
93	588	47
94	588	47
95	588	47
96	588	47
97	611	47
98	630	47
99	649	47
100	692	47
101	704	48
102	704	48
103	708	48
104	762	48
105	790	49
106	798	50
107	815	50
108	818	51
109	830	52
110	830	52
111	842	53
112	842	53
113	842	53
114	843	54
115	843	54
116	847	54
117	851	55
118	885	56
119	949	56
120	997	58
121	1022	61
122	1022	61
123	1022	61
124	1046	61
125	1059	62
126	1060	63
127	1060	63
128	1060	63
129	1060	63
130	1065	64
131	1065	64
132	1065	64
133	1065	64
134	1065	64
135	1065	64
136	1065	64
137	1065	64
138	1065	64
139	1065	64
140	1065	64
141	1065	64
142	1065	64
143	1065	64
144	1082	65
145	1082	65
146	1082	65
147	1082	65
148	1082	65
149	1082	65
150	1084	67
151	1084	67
152	1084	67
153	1084	67
154	1121	67
155	1147	68
156	1155	69
157	1170	71
158	1170	71
159	1170	71
160	1170	71
161	1170	71
162	1170	71
163	1170	71
164	1170	71
165	1170	71
166	1170	71
167	1170	71
168	1170	71
169	1170	71
170	1170	71
171	1170	71
172	1170	71
173	1170	71
174	1170	71
175	1170	71
176	1170	71
177	1170	71
178	1170	71
179	1170	71
