ID	s	d	ts	te	LLC	PID	size	hops	band usage	copies
1	3	8	0	6	6	0	120	0	2	0	0	0	-1
4	0	6	2	6	4	0	3600	0	1	0	1	0	-1
4	0	6	2	6	4	1	3600	0	1	0	1	0	-1
4	0	6	2	6	4	2	3600	0	1	0	1	0	-1
4	0	6	2	6	4	3	3600	0	1	0	1	0	-1
4	0	6	2	6	4	4	3600	0	1	0	1	0	-1
4	0	6	2	6	4	5	3600	0	1	0	1	0	-1
4	0	6	2	6	4	6	3600	0	1	0	1	0	-1
4	0	6	2	6	4	7	3600	0	1	0	1	0	-1
4	0	6	2	6	4	8	3600	0	1	0	1	0	-1
4	0	6	2	6	4	9	3600	0	1	0	1	0	-1
4	0	6	2	6	4	10	3600	0	1	0	1	0	-1
4	0	6	2	6	4	11	3600	0	1	0	1	0	-1
6	3	6	15	15	0	0	3600	0	0	0	1	1	-1
6	3	6	15	15	0	1	3600	0	0	0	1	1	-1
6	3	6	15	15	0	2	3600	0	0	0	1	1	-1
6	3	6	15	15	0	3	3600	0	0	0	1	1	-1
6	3	6	15	15	0	4	3600	0	0	0	1	1	-1
6	3	6	15	15	0	5	3600	0	0	0	1	1	-1
6	3	6	15	15	0	6	3600	0	0	0	1	1	-1
6	3	6	15	15	0	7	3600	0	0	0	1	1	-1
6	3	6	15	15	0	8	3600	0	0	0	1	1	-1
6	3	6	15	15	0	9	3600	0	0	0	1	1	-1
6	3	6	15	15	0	10	3600	0	0	0	1	1	-1
6	3	6	15	15	0	11	3600	0	0	0	1	1	-1
25	3	6	27	29	2	0	1200	0	0	0	2	0	-1
25	3	6	27	29	2	1	1200	0	0	0	2	0	-1
25	3	6	27	29	2	2	1200	0	0	0	2	0	-1
25	3	6	27	29	2	3	1200	0	0	0	2	0	-1
19	0	8	30	30	0	0	3600	0	1	0	1	0	-1
19	0	8	30	30	0	1	3600	0	1	0	1	0	-1
19	0	8	30	30	0	2	3600	0	1	0	1	0	-1
19	0	8	30	30	0	3	3600	0	1	0	1	0	-1
19	0	8	30	30	0	4	3600	0	1	0	1	0	-1
19	0	8	30	30	0	5	3600	0	1	0	1	0	-1
19	0	8	30	30	0	6	3600	0	1	0	1	0	-1
19	0	8	30	30	0	7	3600	0	1	0	1	0	-1
19	0	8	30	30	0	8	3600	0	1	0	1	0	-1
19	0	8	30	30	0	9	3600	0	1	0	1	0	-1
19	0	8	30	30	0	10	3600	0	1	0	1	0	-1
19	0	8	30	30	0	11	3600	0	1	0	1	0	-1
24	0	8	31	31	0	0	3600	0	1	0	1	0	-1
24	0	8	31	31	0	1	3600	0	1	0	1	0	-1
24	0	8	31	31	0	2	3600	0	1	0	1	0	-1
24	0	8	31	31	0	3	3600	0	1	0	1	0	-1
24	0	8	31	31	0	4	3600	0	1	0	1	0	-1
24	0	8	31	31	0	5	3600	0	1	0	1	0	-1
24	0	8	31	31	0	6	3600	0	1	0	1	0	-1
24	0	8	31	31	0	7	3600	0	1	0	1	0	-1
24	0	8	31	31	0	8	3600	0	1	0	1	0	-1
24	0	8	31	31	0	9	3600	0	1	0	1	0	-1
24	0	8	31	31	0	10	3600	0	1	0	1	0	-1
24	0	8	31	31	0	11	3600	0	1	0	1	0	-1
18	3	7	30	37	7	0	1200	0	1	0	1	0	-1
18	3	7	30	37	7	1	1200	0	1	0	1	0	-1
18	3	7	30	37	7	2	1200	0	1	0	1	0	-1
18	3	7	30	37	7	3	1200	0	1	0	1	0	-1
33	3	7	45	46	1	0	120	0	2	0	0	0	-1
27	4	7	43	48	5	0	120	0	2	0	0	0	-1
39	0	6	45	49	4	0	3600	0	1	0	1	0	-1
39	0	6	45	49	4	1	3600	0	1	0	1	0	-1
39	0	6	45	49	4	2	3600	0	1	0	1	0	-1
39	0	6	45	49	4	3	3600	0	1	0	1	0	-1
39	0	6	45	49	4	4	3600	0	1	0	1	0	-1
39	0	6	45	49	4	5	3600	0	1	0	1	0	-1
39	0	6	45	49	4	6	3600	0	1	0	1	0	-1
39	0	6	45	49	4	7	3600	0	1	0	1	0	-1
39	0	6	45	49	4	8	3600	0	1	0	1	0	-1
39	0	6	45	49	4	9	3600	0	1	0	1	0	-1
39	0	6	45	49	4	10	3600	0	1	0	1	0	-1
39	0	6	45	49	4	11	3600	0	1	0	1	0	-1
29	0	6	48	49	1	0	2400	0	1	0	1	0	-1
29	0	6	48	49	1	1	2400	0	1	0	1	0	-1
29	0	6	48	49	1	2	2400	0	1	0	1	0	-1
29	0	6	48	49	1	3	2400	0	1	0	1	0	-1
29	0	6	48	49	1	4	2400	0	1	0	1	0	-1
29	0	6	48	49	1	5	2400	0	1	0	1	0	-1
29	0	6	48	49	1	6	2400	0	1	0	1	0	-1
29	0	6	48	49	1	7	2400	0	1	0	1	0	-1
22	4	8	32	55	23	0	3600	0	3	0	0	0	-1
22	4	8	32	55	23	1	3600	0	3	0	0	0	-1
22	4	8	32	55	23	2	3600	0	3	0	0	0	-1
22	4	8	32	55	23	3	3600	0	3	0	0	0	-1
22	4	8	32	55	23	4	3600	0	3	0	0	0	-1
22	4	8	32	55	23	5	3600	0	3	0	0	0	-1
22	4	8	32	55	23	6	3600	0	3	0	0	0	-1
22	4	8	32	55	23	7	3600	0	3	0	0	0	-1
22	4	8	32	55	23	8	3600	0	3	0	0	0	-1
22	4	8	32	55	23	9	3600	0	3	0	0	0	-1
22	4	8	32	55	23	10	3600	0	3	0	0	0	-1
22	4	8	32	55	23	11	3600	0	3	0	0	0	-1
32	0	8	48	55	7	0	120	0	2	0	0	0	-1
28	0	8	50	55	5	0	120	0	2	0	0	0	-1
2	4	8	3	68	65	0	2400	0	3	0	0	0	-1
2	4	8	3	68	65	1	2400	0	3	0	0	0	-1
2	4	8	3	68	65	2	2400	0	3	0	0	0	-1
2	4	8	3	68	65	3	2400	0	3	0	0	0	-1
2	4	8	3	68	65	4	2400	0	3	0	0	0	-1
2	4	8	3	68	65	5	2400	0	3	0	0	0	-1
2	4	8	3	68	65	6	2400	0	3	0	0	0	-1
2	4	8	3	68	65	7	2400	0	3	0	0	0	-1
50	0	6	68	69	1	0	120	0	2	0	0	0	-1
49	3	6	66	69	3	0	2400	0	0	0	1	1	-1
49	3	6	66	69	3	1	2400	0	0	0	1	1	-1
49	3	6	66	69	3	2	2400	0	0	0	1	1	-1
49	3	6	66	69	3	3	2400	0	0	0	1	1	-1
49	3	6	66	69	3	4	2400	0	0	0	1	1	-1
49	3	6	66	69	3	5	2400	0	0	0	1	1	-1
49	3	6	66	69	3	6	2400	0	0	0	1	1	-1
49	3	6	66	69	3	7	2400	0	0	0	1	1	-1
0	2	6	0	70	70	0	120	0	2	0	0	0	-1
8	2	8	18	70	52	0	3600	0	2	0	0	0	-1
14	1	6	10	70	60	0	3600	0	2	0	0	0	-1
14	1	6	10	70	60	1	3600	0	2	0	0	0	-1
14	1	6	10	70	60	2	3600	0	2	0	0	0	-1
14	1	6	10	70	60	3	3600	0	2	0	0	0	-1
14	1	6	10	70	60	4	3600	0	2	0	0	0	-1
14	1	6	10	70	60	5	3600	0	2	0	0	0	-1
14	1	6	10	70	60	6	3600	0	2	0	0	0	-1
14	1	6	10	70	60	7	3600	0	2	0	0	0	-1
14	1	6	10	70	60	8	3600	0	2	0	0	0	-1
14	1	6	10	70	60	9	3600	0	2	0	0	0	-1
14	1	6	10	70	60	10	3600	0	2	0	0	0	-1
14	1	6	10	70	60	11	3600	0	2	0	0	0	-1
13	1	8	12	70	58	0	3600	0	2	0	0	0	-1
13	1	8	12	70	58	1	3600	0	2	0	0	0	-1
13	1	8	12	70	58	2	3600	0	2	0	0	0	-1
13	1	8	12	70	58	3	3600	0	2	0	0	0	-1
13	1	8	12	70	58	4	3600	0	2	0	0	0	-1
13	1	8	12	70	58	5	3600	0	2	0	0	0	-1
13	1	8	12	71	59	6	3600	0	2	0	0	0	-1
13	1	8	12	71	59	7	3600	0	2	0	0	0	-1
13	1	8	12	71	59	8	3600	0	2	0	0	0	-1
13	1	8	12	71	59	9	3600	0	2	0	0	0	-1
13	1	8	12	71	59	10	3600	0	2	0	0	0	-1
13	1	8	12	71	59	11	3600	0	2	0	0	0	-1
10	1	6	16	71	55	0	120	0	2	0	0	0	-1
9	1	6	18	71	53	0	1200	0	2	0	0	0	-1
9	1	6	18	71	53	1	1200	0	2	0	0	0	-1
9	1	6	18	71	53	2	1200	0	2	0	0	0	-1
9	1	6	18	71	53	3	1200	0	2	0	0	0	-1
8	2	8	18	71	53	1	3600	0	2	0	0	0	-1
8	2	8	18	71	53	2	3600	0	2	0	0	0	-1
8	2	8	18	71	53	3	3600	0	2	0	0	0	-1
8	2	8	18	71	53	4	3600	0	2	0	0	0	-1
8	2	8	18	71	53	5	3600	0	2	0	0	0	-1
8	2	8	18	71	53	6	3600	0	2	0	0	0	-1
8	2	8	18	71	53	7	3600	0	2	0	0	0	-1
8	2	8	18	71	53	8	3600	0	2	0	0	0	-1
8	2	8	18	71	53	9	3600	0	2	0	0	0	-1
8	2	8	18	71	53	10	3600	0	2	0	0	0	-1
8	2	8	18	71	53	11	3600	0	2	0	0	0	-1
51	3	6	75	75	0	0	3600	0	0	0	2	0	-1
51	3	6	75	75	0	1	3600	0	0	0	2	0	-1
51	3	6	75	75	0	2	3600	0	0	0	2	0	-1
51	3	6	75	75	0	3	3600	0	0	0	2	0	-1
51	3	6	75	75	0	4	3600	0	0	0	2	0	-1
51	3	6	75	75	0	5	3600	0	0	0	2	0	-1
51	3	6	75	75	0	6	3600	0	0	0	2	0	-1
51	3	6	75	75	0	7	3600	0	0	0	2	0	-1
51	3	6	75	75	0	8	3600	0	0	0	2	0	-1
51	3	6	75	75	0	9	3600	0	0	0	2	0	-1
51	3	6	75	75	0	10	3600	0	0	0	2	0	-1
51	3	6	75	75	0	11	3600	0	0	0	2	0	-1
3	2	7	0	77	77	0	2400	0	2	0	0	0	-1
3	2	7	0	77	77	1	2400	0	2	0	0	0	-1
3	2	7	0	77	77	2	2400	0	2	0	0	0	-1
3	2	7	0	77	77	3	2400	0	2	0	0	0	-1
3	2	7	0	77	77	4	2400	0	2	0	0	0	-1
3	2	7	0	77	77	5	2400	0	2	0	0	0	-1
3	2	7	0	77	77	6	2400	0	2	0	0	0	-1
3	2	7	0	77	77	7	2400	0	2	0	0	0	-1
15	2	7	10	77	67	0	3600	0	2	0	0	0	-1
15	2	7	10	77	67	1	3600	0	2	0	0	0	-1
15	2	7	10	77	67	2	3600	0	2	0	0	0	-1
15	2	7	10	77	67	3	3600	0	2	0	0	0	-1
15	2	7	10	77	67	4	3600	0	2	0	0	0	-1
15	2	7	10	77	67	5	3600	0	2	0	0	0	-1
15	2	7	10	77	67	6	3600	0	2	0	0	0	-1
15	2	7	10	77	67	7	3600	0	2	0	0	0	-1
15	2	7	10	77	67	8	3600	0	2	0	0	0	-1
23	4	6	29	77	48	0	120	0	4	0	0	0	-1
15	2	7	10	78	68	9	3600	0	2	0	0	0	-1
15	2	7	10	78	68	10	3600	0	2	0	0	0	-1
15	2	7	10	78	68	11	3600	0	2	0	0	0	-1
5	1	7	3	78	75	0	2400	0	2	0	0	0	-1
5	1	7	3	78	75	1	2400	0	2	0	0	0	-1
5	1	7	3	78	75	2	2400	0	2	0	0	0	-1
5	1	7	3	78	75	3	2400	0	2	0	0	0	-1
5	1	7	3	78	75	4	2400	0	2	0	0	0	-1
5	1	7	3	78	75	5	2400	0	2	0	0	0	-1
5	1	7	3	78	75	6	2400	0	2	0	0	0	-1
5	1	7	3	78	75	7	2400	0	2	0	0	0	-1
63	3	6	81	81	0	0	3600	0	0	0	1	1	-1
63	3	6	81	81	0	1	3600	0	0	0	1	1	-1
63	3	6	81	81	0	2	3600	0	0	0	1	1	-1
63	3	6	81	81	0	3	3600	0	0	0	1	1	-1
63	3	6	81	81	0	4	3600	0	0	0	1	1	-1
63	3	6	81	81	0	5	3600	0	0	0	1	1	-1
63	3	6	81	81	0	6	3600	0	0	0	1	1	-1
63	3	6	81	81	0	7	3600	0	0	0	1	1	-1
63	3	6	81	81	0	8	3600	0	0	0	1	1	-1
63	3	6	81	81	0	9	3600	0	0	0	1	1	-1
63	3	6	81	81	0	10	3600	0	0	0	1	1	-1
63	3	6	81	81	0	11	3600	0	0	0	1	1	-1
21	2	7	26	86	60	0	120	0	4	0	0	0	-1
20	1	7	33	90	57	0	1200	0	3	0	0	0	-1
20	1	7	33	90	57	1	1200	0	3	0	0	0	-1
20	1	7	33	90	57	2	1200	0	3	0	0	0	-1
20	1	7	33	90	57	3	1200	0	3	0	0	0	-1
26	1	7	28	90	62	0	2400	0	2	0	1	0	-1
26	1	7	28	90	62	1	2400	0	2	0	1	0	-1
26	1	7	28	90	62	2	2400	0	2	0	1	0	-1
26	1	7	28	90	62	3	2400	0	2	0	1	0	-1
26	1	7	28	90	62	4	2400	0	2	0	1	0	-1
26	1	7	28	90	62	5	2400	0	2	0	1	0	-1
26	1	7	28	90	62	6	2400	0	2	0	1	0	-1
26	1	7	28	90	62	7	2400	0	2	0	1	0	-1
30	1	8	45	100	55	0	1200	0	2	0	0	0	-1
30	1	8	45	100	55	1	1200	0	2	0	0	0	-1
30	1	8	45	100	55	2	1200	0	2	0	0	0	-1
30	1	8	45	100	55	3	1200	0	2	0	0	0	-1
34	2	8	48	100	52	0	1200	0	2	0	1	0	-1
34	2	8	48	101	53	1	1200	0	2	0	1	0	-1
34	2	8	48	101	53	2	1200	0	2	0	1	0	-1
34	2	8	48	101	53	3	1200	0	2	0	1	0	-1
35	2	7	47	104	57	0	3600	0	3	0	0	0	-1
35	2	7	47	104	57	1	3600	0	3	0	0	0	-1
35	2	7	47	104	57	2	3600	0	3	0	0	0	-1
35	2	7	47	104	57	3	3600	0	3	0	0	0	-1
35	2	7	47	104	57	4	3600	0	3	0	0	0	-1
35	2	7	47	104	57	5	3600	0	3	0	0	0	-1
35	2	7	47	104	57	6	3600	0	3	0	0	0	-1
35	2	7	47	104	57	7	3600	0	3	0	0	0	-1
35	2	7	47	104	57	8	3600	0	3	0	0	0	-1
35	2	7	47	104	57	9	3600	0	3	0	0	0	-1
35	2	7	47	104	57	10	3600	0	3	0	0	0	-1
35	2	7	47	104	57	11	3600	0	3	0	0	0	-1
31	2	7	48	104	56	0	2400	0	3	0	0	0	-1
31	2	7	48	104	56	1	2400	0	3	0	0	0	-1
31	2	7	48	104	56	2	2400	0	3	0	0	0	-1
31	2	7	48	104	56	3	2400	0	3	0	0	0	-1
31	2	7	48	104	56	4	2400	0	3	0	0	0	-1
31	2	7	48	104	56	5	2400	0	3	0	0	0	-1
31	2	7	48	104	56	6	2400	0	3	0	0	0	-1
31	2	7	48	105	57	7	2400	0	3	0	0	0	-1
37	2	7	49	105	56	0	2400	0	3	0	0	0	-1
37	2	7	49	105	56	1	2400	0	3	0	0	0	-1
37	2	7	49	105	56	2	2400	0	3	0	0	0	-1
37	2	7	49	105	56	3	2400	0	3	0	0	0	-1
37	2	7	49	105	56	4	2400	0	3	0	0	0	-1
37	2	7	49	105	56	5	2400	0	3	0	0	0	-1
37	2	7	49	105	56	6	2400	0	3	0	0	0	-1
37	2	7	49	105	56	7	2400	0	3	0	0	0	-1
40	1	8	48	117	69	0	1200	0	3	0	0	0	-1
40	1	8	48	117	69	1	1200	0	3	0	0	0	-1
40	1	8	48	117	69	2	1200	0	3	0	0	0	-1
40	1	8	48	117	69	3	1200	0	3	0	0	0	-1
45	2	8	61	119	58	0	3600	0	2	0	1	0	-1
45	2	8	61	119	58	1	3600	0	2	0	1	0	-1
45	2	8	61	119	58	2	3600	0	2	0	1	0	-1
45	2	8	61	119	58	3	3600	0	2	0	1	0	-1
45	2	8	61	119	58	4	3600	0	2	0	1	0	-1
45	2	8	61	119	58	5	3600	0	2	0	1	0	-1
45	2	8	61	119	58	6	3600	0	2	0	1	0	-1
45	2	8	61	119	58	7	3600	0	2	0	1	0	-1
45	2	8	61	119	58	8	3600	0	2	0	1	0	-1
45	2	8	61	119	58	9	3600	0	2	0	1	0	-1
45	2	8	61	119	58	10	3600	0	2	0	1	0	-1
45	2	8	61	119	58	11	3600	0	2	0	1	0	-1
47	2	8	68	120	52	0	2400	0	2	0	1	0	-1
47	2	8	68	120	52	1	2400	0	2	0	1	0	-1
47	2	8	68	120	52	2	2400	0	2	0	1	0	-1
47	2	8	68	120	52	3	2400	0	2	0	1	0	-1
47	2	8	68	120	52	4	2400	0	2	0	1	0	-1
47	2	8	68	120	52	5	2400	0	2	0	1	0	-1
47	2	8	68	120	52	6	2400	0	2	0	1	0	-1
47	2	8	68	120	52	7	2400	0	2	0	1	0	-1
58	2	8	80	120	40	0	2400	0	2	0	1	0	-1
58	2	8	80	120	40	1	2400	0	2	0	1	0	-1
58	2	8	80	120	40	2	2400	0	2	0	1	0	-1
58	2	8	80	120	40	3	2400	0	2	0	1	0	-1
58	2	8	80	121	41	4	2400	0	2	0	1	0	-1
43	4	7	68	124	56	0	3600	0	2	0	0	0	-1
43	4	7	68	124	56	1	3600	0	2	0	0	0	-1
43	4	7	68	124	56	2	3600	0	2	0	0	0	-1
43	4	7	68	124	56	3	3600	0	2	0	0	0	-1
43	4	7	68	124	56	4	3600	0	2	0	0	0	-1
43	4	7	68	124	56	5	3600	0	2	0	0	0	-1
43	4	7	68	124	56	6	3600	0	2	0	0	0	-1
43	4	7	68	124	56	7	3600	0	2	0	0	0	-1
43	4	7	68	124	56	8	3600	0	2	0	0	0	-1
43	4	7	68	124	56	9	3600	0	2	0	0	0	-1
43	4	7	68	124	56	10	3600	0	2	0	0	0	-1
43	4	7	68	124	56	11	3600	0	2	0	0	0	-1
59	4	8	74	125	51	0	3600	0	3	0	0	0	-1
59	4	8	74	125	51	1	3600	0	3	0	0	0	-1
59	4	8	74	125	51	2	3600	0	3	0	0	0	-1
59	4	8	74	125	51	3	3600	0	3	0	0	0	-1
59	4	8	74	125	51	4	3600	0	3	0	0	0	-1
59	4	8	74	125	51	5	3600	0	3	0	0	0	-1
59	4	8	74	125	51	6	3600	0	3	0	0	0	-1
59	4	8	74	125	51	7	3600	0	3	0	0	0	-1
59	4	8	74	125	51	8	3600	0	3	0	0	0	-1
59	4	8	74	125	51	9	3600	0	3	0	0	0	-1
59	4	8	74	125	51	10	3600	0	3	0	0	0	-1
61	4	7	81	125	44	0	120	0	2	0	0	0	-1
59	4	8	74	126	52	11	3600	0	3	0	0	0	-1
54	1	6	74	144	70	0	1200	0	2	0	0	0	-1
54	1	6	74	144	70	1	1200	0	2	0	0	0	-1
54	1	6	74	144	70	2	1200	0	2	0	0	0	-1
54	1	6	74	144	70	3	1200	0	2	0	0	0	-1
56	1	8	81	144	63	0	120	0	2	0	0	0	-1
42	4	8	62	150	88	0	120	0	4	0	0	0	-1
58	2	8	80	155	75	5	2400	0	2	0	1	0	-1
58	2	8	80	155	75	6	2400	0	2	0	1	0	-1
58	2	8	80	155	75	7	2400	0	2	0	1	0	-1
52	2	8	81	155	74	0	2400	0	2	0	1	0	-1
52	2	8	81	155	74	1	2400	0	2	0	1	0	-1
52	2	8	81	155	74	2	2400	0	2	0	1	0	-1
52	2	8	81	155	74	3	2400	0	2	0	1	0	-1
52	2	8	81	155	74	4	2400	0	2	0	1	0	-1
52	2	8	81	155	74	5	2400	0	2	0	1	0	-1
52	2	8	81	155	74	6	2400	0	2	0	1	0	-1
52	2	8	81	155	74	7	2400	0	2	0	1	0	-1
38	1	6	48	155	107	0	2400	0	1	0	2	0	-1
38	1	6	48	155	107	1	2400	0	1	0	2	0	-1
38	1	6	48	155	107	2	2400	0	1	0	2	0	-1
38	1	6	48	155	107	3	2400	0	1	0	2	0	-1
38	1	6	48	155	107	4	2400	0	1	0	2	0	-1
38	1	6	48	155	107	5	2400	0	1	0	2	0	-1
38	1	6	48	155	107	6	2400	0	1	0	2	0	-1
38	1	6	48	155	107	7	2400	0	1	0	2	0	-1
64	2	7	76	157	81	0	3600	0	2	0	2	0	-1
64	2	7	76	157	81	1	3600	0	2	0	2	0	-1
64	2	7	76	157	81	2	3600	0	2	0	2	0	-1
64	2	7	76	157	81	3	3600	0	2	0	2	0	-1
64	2	7	76	157	81	4	3600	0	2	0	2	0	-1
64	2	7	76	157	81	5	3600	0	2	0	2	0	-1
64	2	7	76	157	81	6	3600	0	2	0	2	0	-1
64	2	7	76	157	81	7	3600	0	2	0	2	0	-1
64	2	7	76	157	81	8	3600	0	2	0	2	0	-1
64	2	7	76	157	81	9	3600	0	2	0	2	0	-1
64	2	7	76	157	81	10	3600	0	2	0	2	0	-1
64	2	7	76	157	81	11	3600	0	2	0	2	0	-1
