T	Packet per tau	Transmissions per tau
0	4	0
1	8	0
2	12	0
3	13	1
4	13	1
5	13	1
6	17	1
7	29	2
8	33	2
9	37	2
10	49	3
11	49	3
12	67	5
13	75	7
14	75	7
15	75	7
16	75	7
17	75	7
18	75	7
19	75	7
20	75	7
21	75	7
22	113	7
23	123	9
24	123	9
25	127	10
26	127	10
27	131	10
28	135	10
29	155	11
30	169	15
31	169	15
32	169	15
33	169	15
34	169	15
35	169	15
36	169	15
37	169	15
38	181	15
39	187	15
40	191	15
41	195	15
42	201	16
43	213	16
44	218	18
45	226	19
46	235	19
47	243	19
48	251	20
49	259	20
50	271	20
51	279	22
52	287	22
53	303	22
54	307	23
55	311	24
56	323	25
57	327	26
58	327	26
59	327	26
60	327	26
61	327	26
62	327	26
63	327	26
64	343	28
65	343	28
66	343	28
67	347	28
68	351	28
69	355	28
70	370	28
71	390	28
72	400	29
73	412	29
74	416	29
75	430	29
76	433	30
77	436	32
78	436	32
79	436	32
80	436	32
81	440	32
82	448	32
83	452	32
84	452	32
85	464	32
86	477	33
87	493	33
88	513	34
89	521	35
90	525	35
91	533	35
92	541	35
93	549	35
94	554	36
95	556	37
96	560	37
97	564	37
98	568	37
99	588	38
100	605	39
101	613	40
102	617	40
103	625	41
104	653	42
105	661	42
106	668	44
107	676	44
108	680	44
109	684	44
110	688	44
111	693	45
112	701	46
113	701	46
114	702	46
115	702	46
116	706	46
117	718	48
118	752	51
119	781	52
120	797	53
121	808	54
122	817	56
123	826	58
124	830	58
125	838	58
126	854	60
127	866	61
128	873	62
129	874	63
130	875	63
131	883	63
132	883	63
133	883	63
134	883	63
135	883	63
136	883	63
137	891	65
138	891	65
139	891	65
140	891	65
141	897	67
142	901	67
143	901	67
144	905	67
145	917	67
146	926	68
147	930	68
148	957	68
149	974	69
150	982	71
151	982	71
152	982	71
153	989	72
154	991	73
155	993	74
156	993	74
157	1000	75
158	1000	75
159	1004	75
160	1008	76
161	1012	76
162	1016	77
163	1020	77
164	1028	77
165	1032	78
166	1032	78
167	1032	78
168	1032	78
169	1036	78
170	1040	78
171	1048	78
172	1050	79
173	1050	79
174	1054	79
175	1058	79
176	1062	79
177	1066	79
178	1070	79
179	1070	79
