ID	s	d	ts	te	LLC	PID	size	hops	band usage	copies
12	2	5	0	2	2	1	600	3	2	0	1	0	1
11	0	3	0	6	6	0	60	6	5	0	1	0	1
14	1	4	18	20	2	1	600	2	2	0	0	0	1
18	0	5	18	25	7	3	3000	5	4	0	1	0	1
14	1	4	18	22	4	0	600	2	1	0	1	0	1
17	2	5	18	26	8	4	2400	3	2	0	1	0	1
22	0	5	18	23	5	0	60	6	5	0	1	0	1
17	2	5	18	26	8	6	2400	2	1	0	1	0	1
15	2	5	18	25	7	0	600	9	9	0	0	0	1
17	2	5	18	30	12	3	2400	3	2	0	1	0	1
17	2	5	18	29	11	5	2400	2	1	0	1	0	1
17	2	5	18	29	11	0	2400	2	1	0	1	0	1
21	0	3	18	32	14	6	2400	6	5	0	1	0	1
17	2	5	18	32	14	7	2400	5	2	0	3	0	1
17	2	5	18	29	11	2	2400	2	0	0	2	0	1
31	1	4	33	35	2	1	600	2	2	0	0	0	1
2	1	5	0	34	34	0	600	14	12	0	2	0	1
19	2	4	18	32	14	6	2400	6	4	0	2	0	1
17	2	5	18	36	18	1	2400	4	2	0	1	1	1
24	2	5	33	38	5	0	600	2	2	0	0	0	1
16	0	5	18	28	10	1	600	5	4	0	1	0	1
8	1	5	0	39	39	0	60	18	16	0	2	0	1
31	1	4	33	43	10	0	600	2	2	0	0	0	1
21	0	3	18	44	26	5	2400	6	5	0	0	1	1
21	0	3	18	40	22	4	2400	4	3	0	0	1	1
32	2	4	33	44	11	9	3000	8	6	0	2	0	1
9	0	3	0	12	12	1	600	2	1	0	1	0	1
32	2	4	33	42	9	8	3000	6	5	0	1	0	1
23	0	4	18	39	21	0	600	6	4	1	0	1	1
9	0	3	0	12	12	0	600	2	1	0	1	0	1
4	1	4	0	48	48	0	60	2	2	0	0	0	1
5	2	5	0	13	13	0	600	6	4	0	2	0	1
21	0	3	18	51	33	3	2400	5	4	0	0	1	1
2	1	5	0	40	40	1	600	7	5	0	2	0	1
21	0	3	18	51	33	2	2400	3	1	0	1	1	1
21	0	3	18	41	23	7	2400	10	7	0	3	0	1
21	0	3	18	57	39	0	2400	3	1	0	0	2	1
34	0	3	47	61	14	0	3000	3	1	0	2	0	1
34	0	3	47	62	15	9	3000	5	4	0	0	1	1
38	2	5	47	60	13	0	60	2	2	0	0	0	1
25	1	5	33	68	35	0	600	9	9	0	0	0	1
41	2	5	67	69	2	1	600	3	3	0	0	0	1
41	2	5	67	70	3	0	600	3	2	0	1	0	1
35	1	5	47	72	25	7	2400	7	7	0	0	0	1
16	0	5	18	68	50	0	600	15	10	0	5	0	1
29	1	5	33	76	43	9	3000	10	9	0	1	0	1
28	2	5	33	77	44	0	60	2	2	0	0	0	1
21	0	3	18	87	69	1	2400	6	5	0	0	1	1
40	1	4	67	98	31	0	600	2	1	0	1	0	1
40	1	4	67	99	32	1	600	2	1	0	0	1	1
51	2	5	98	103	5	1	600	2	2	0	0	0	1
55	2	5	98	100	2	0	60	2	2	0	0	0	1
51	2	5	98	101	3	0	600	2	1	0	1	0	1
46	1	5	78	106	28	9	3000	8	7	0	1	0	1
44	2	5	78	109	31	0	60	3	3	0	0	0	1
45	2	5	78	106	28	0	600	2	0	0	2	0	1
45	2	5	78	111	33	1	600	2	2	0	0	0	1
50	1	3	98	111	13	0	600	5	5	0	0	0	1
24	2	5	33	106	73	1	600	2	1	0	1	0	1
15	2	5	18	112	94	1	600	3	0	0	3	0	1
46	1	5	78	108	30	6	3000	18	16	0	1	1	1
52	2	4	98	108	10	1	600	5	5	0	0	0	1
18	0	5	18	110	92	5	3000	8	3	1	3	1	1
52	2	4	98	106	8	0	600	7	6	0	1	0	1
19	2	4	18	109	91	4	2400	6	5	0	1	0	1
18	0	5	18	114	96	9	3000	7	3	0	1	3	1
20	0	5	18	115	97	0	60	10	6	2	1	1	1
18	0	5	18	115	97	6	3000	7	2	1	4	0	1
62	1	4	118	120	2	0	60	2	2	0	0	0	1
63	2	3	118	120	2	0	60	2	2	0	0	0	1
12	2	5	0	115	115	0	600	2	0	0	2	0	1
6	0	5	0	118	118	8	3000	5	2	0	3	0	1
57	1	4	118	122	4	0	600	3	1	0	2	0	1
6	0	5	0	114	114	6	3000	12	8	1	1	2	1
57	1	4	118	122	4	1	600	3	0	0	2	1	1
5	2	5	0	114	114	1	600	2	0	0	0	2	1
6	0	5	0	121	121	1	3000	6	1	1	3	1	1
48	0	3	78	123	45	0	60	6	5	0	1	0	1
77	0	5	135	145	10	1	600	5	3	0	2	0	1
74	2	5	135	144	9	1	600	2	2	0	0	0	1
81	2	5	135	141	6	0	60	2	1	0	1	0	1
79	2	5	135	142	7	0	60	2	1	0	1	0	1
74	2	5	135	142	7	0	600	2	1	0	1	0	1
59	2	5	118	146	28	1	600	2	1	0	1	0	1
47	0	5	78	150	72	7	2400	14	8	1	5	0	1
59	2	5	118	142	24	0	600	2	0	0	2	0	1
58	2	5	118	152	34	0	60	3	1	0	2	0	1
68	2	5	118	142	24	0	60	2	0	0	2	0	1
80	1	5	135	155	20	1	600	13	8	0	5	0	1
80	1	5	135	158	23	0	600	7	7	0	0	0	1
46	1	5	78	155	77	7	3000	18	14	0	4	0	1
85	1	4	152	161	9	0	2400	2	2	0	0	0	1
85	1	4	152	160	8	7	2400	2	1	0	1	0	1
69	1	3	118	159	41	1	600	12	10	0	2	0	1
34	0	3	47	146	99	8	3000	3	3	0	0	0	1
85	1	4	152	169	17	1	2400	2	1	0	0	1	1
100	1	4	171	173	2	9	3000	2	1	0	1	0	1
94	0	3	171	184	13	3	2400	6	6	0	0	0	1
100	1	4	171	183	12	8	3000	2	2	0	0	0	1
94	0	3	171	185	14	5	2400	3	1	0	1	1	1
102	2	5	171	185	14	0	600	2	2	0	0	0	1
94	0	3	171	186	15	2	2400	3	1	1	1	0	1
96	2	5	171	182	11	1	600	2	2	0	0	0	1
94	0	3	171	182	11	4	2400	4	2	0	1	1	1
102	2	5	171	181	10	1	600	2	1	0	1	0	1
96	2	5	171	186	15	0	600	5	5	0	0	0	1
36	1	3	47	163	116	0	60	3	2	0	0	1	1
83	0	5	152	187	35	1	3000	5	4	0	1	0	1
94	0	3	171	188	17	1	2400	4	2	1	0	1	1
100	1	4	171	187	16	7	3000	2	2	0	0	0	1
83	0	5	152	188	36	2	3000	9	6	0	3	0	1
71	2	4	135	179	44	0	60	27	24	0	3	0	1
83	0	5	152	191	39	9	3000	4	3	0	1	0	1
114	1	4	190	192	2	1	600	3	1	0	2	0	1
112	2	5	190	192	2	7	2400	3	2	0	0	1	1
94	0	3	171	190	19	6	2400	5	4	0	0	1	1
83	0	5	152	194	42	3	3000	18	12	0	6	0	1
94	0	3	171	196	25	0	2400	5	3	1	1	0	1
112	2	5	190	196	6	6	2400	3	2	0	1	0	1
53	0	5	98	196	98	0	60	33	13	0	19	1	1
112	2	5	190	198	8	5	2400	2	2	0	0	0	1
94	0	3	171	199	28	7	2400	5	4	0	0	1	1
112	2	5	190	193	3	0	2400	2	2	0	0	0	1
83	0	5	152	199	47	8	3000	10	5	0	5	0	1
83	0	5	152	197	45	5	3000	8	5	0	3	0	1
103	1	3	190	205	15	7	2400	9	9	0	0	0	1
103	1	3	190	207	17	0	2400	6	6	0	0	0	1
116	2	5	206	221	15	0	3000	2	2	0	0	0	1
124	1	5	206	219	13	0	60	9	9	0	0	0	1
134	2	5	225	227	2	1	600	3	2	0	1	0	1
109	1	5	190	228	38	0	60	13	12	0	1	0	1
134	2	5	225	230	5	0	600	3	2	0	1	0	1
18	0	5	18	228	210	8	3000	12	2	0	9	1	1
105	1	5	190	233	43	9	3000	10	6	0	3	1	1
101	0	5	171	233	62	1	600	20	10	0	8	2	1
131	1	4	225	234	9	0	60	2	2	0	0	0	1
116	2	5	206	236	30	1	3000	3	2	0	1	0	1
127	1	3	206	235	29	0	600	6	6	0	0	0	1
147	1	4	237	239	2	0	60	2	1	0	0	1	1
149	2	4	237	242	5	9	3000	7	6	0	1	0	1
139	1	4	225	237	12	0	60	2	1	0	1	0	1
149	2	4	237	253	16	0	3000	8	8	0	0	0	1
149	2	4	237	254	17	7	3000	13	11	0	2	0	1
149	2	4	237	251	14	8	3000	8	7	0	1	0	1
116	2	5	206	265	59	3	3000	2	2	0	0	0	1
116	2	5	206	261	55	2	3000	2	2	0	0	0	1
120	2	5	206	266	60	0	60	2	2	0	0	0	1
116	2	5	206	267	61	4	3000	2	2	0	0	0	1
140	1	3	237	269	32	2	2400	5	5	0	0	0	1
116	2	5	206	271	65	5	3000	2	2	0	0	0	1
140	1	3	237	272	35	3	2400	5	5	0	0	0	1
145	1	3	237	274	37	1	600	12	12	0	0	0	1
117	2	5	206	276	70	0	60	3	2	0	1	0	1
116	2	5	206	278	72	9	3000	2	2	0	0	0	1
116	2	5	206	277	71	8	3000	2	2	0	0	0	1
116	2	5	206	273	67	6	3000	2	1	0	1	0	1
116	2	5	206	275	69	7	3000	2	1	0	1	0	1
140	1	3	237	281	44	5	2400	6	6	0	0	0	1
145	1	3	237	277	40	0	600	5	5	0	0	0	1
140	1	3	237	284	47	6	2400	5	5	0	0	0	1
140	1	3	237	288	51	1	2400	15	14	0	1	0	1
140	1	3	237	291	54	0	2400	8	7	0	1	0	1
140	1	3	237	286	49	7	2400	8	8	0	0	0	1
140	1	3	237	297	60	4	2400	7	6	0	1	0	1
143	1	4	237	305	68	1	600	2	2	0	0	0	1
119	0	5	206	296	90	0	60	5	3	0	2	0	1
149	2	4	237	304	67	1	3000	7	6	0	1	0	1
149	2	4	237	302	65	3	3000	20	17	0	3	0	1
92	0	3	171	300	129	0	60	15	5	0	9	1	1
112	2	5	190	316	126	4	2400	3	2	0	1	0	1
136	0	5	225	317	92	1	600	9	7	0	1	1	1
138	1	3	225	299	74	0	600	3	3	0	0	0	1
112	2	5	190	315	125	3	2400	2	1	0	1	0	1
112	2	5	190	315	125	1	2400	2	0	0	2	0	1
98	0	5	171	315	144	0	60	17	6	2	8	1	1
141	1	4	237	322	85	0	3000	2	1	0	1	0	1
142	0	4	237	323	86	1	600	11	7	0	4	0	1
146	1	3	237	338	101	0	60	60	52	0	7	1	1
136	0	5	225	334	109	0	600	13	10	1	1	1	1
138	1	3	225	295	70	1	600	8	7	0	0	1	1
112	2	5	190	350	160	2	2400	3	2	0	1	0	1
122	0	5	206	351	145	0	600	8	6	0	2	0	1
137	1	3	225	296	71	0	60	3	3	0	0	0	1
127	1	3	206	284	78	1	600	5	4	0	1	0	1
101	0	5	171	356	185	0	600	4	3	0	0	1	1
83	0	5	152	358	206	7	3000	7	6	0	1	0	1
