#i j s ts 
0 9 0 14 = 1.0
0 9 0 15 = 1.0
0 9 0 16 = 1.0
0 9 0 17 = 1.0
0 9 0 18 = 1.0
0 9 0 19 = 1.0
0 9 0 20 = 1.0
0 9 0 21 = 1.0
0 9 0 22 = 1.0
0 9 0 23 = 1.0
0 9 0 24 = 1.0
0 9 0 25 = 1.0
0 9 0 26 = 1.0
0 9 0 59 = 1.0
0 9 0 60 = 1.0
0 9 0 61 = 1.0
0 9 0 62 = 1.0
0 9 0 63 = 1.0
0 9 0 64 = 1.0
0 9 0 65 = 1.0
0 9 0 66 = 1.0
0 9 0 67 = 1.0
0 9 0 69 = 1.0
0 9 0 70 = 1.0
0 9 0 74 = 1.0
0 9 0 75 = 1.0
0 9 0 76 = 1.0
0 9 0 87 = 1.0
0 9 0 88 = 1.0
0 9 0 89 = 1.0
0 9 0 90 = 1.0
0 9 0 91 = 1.0
0 9 0 92 = 1.0
0 9 0 93 = 1.0
0 9 0 94 = 1.0
0 9 0 95 = 1.0
0 9 0 96 = 1.0
0 9 0 97 = 1.0
0 9 0 98 = 1.0
0 9 0 99 = 1.0
0 9 0 100 = 1.0
0 9 0 101 = 1.0
0 9 0 102 = 1.0
0 9 0 103 = 1.0
0 9 0 104 = 1.0
0 9 0 105 = 1.0
0 9 0 106 = 1.0
0 9 0 107 = 1.0
0 9 0 108 = 1.0
0 9 2 65 = 1.0
0 9 2 66 = 1.0
0 9 2 95 = 1.0
0 9 2 96 = 1.0
0 9 2 97 = 1.0
0 9 2 98 = 1.0
0 9 2 99 = 1.0
0 10 0 15 = 1.0
0 10 0 16 = 1.0
0 10 0 17 = 1.0
0 10 0 18 = 1.0
0 10 0 19 = 1.0
0 10 0 20 = 1.0
0 10 0 21 = 1.0
0 10 0 22 = 1.0
0 10 0 23 = 1.0
0 10 0 24 = 1.0
0 10 0 25 = 1.0
0 10 0 45 = 1.0
0 10 0 46 = 1.0
0 10 0 47 = 1.0
0 10 0 48 = 1.0
0 10 0 49 = 1.0
0 10 0 50 = 1.0
0 10 0 51 = 1.0
0 10 0 52 = 1.0
0 10 0 53 = 1.0
0 10 0 54 = 1.0
0 10 0 55 = 1.0
0 10 0 56 = 1.0
0 10 0 57 = 1.0
0 10 0 58 = 1.0
0 10 0 59 = 1.0
0 10 0 60 = 1.0
0 10 0 88 = 1.0
0 10 0 89 = 1.0
0 10 0 90 = 1.0
0 10 0 91 = 1.0
0 10 0 92 = 1.0
0 10 0 93 = 1.0
0 10 0 94 = 1.0
0 10 0 95 = 1.0
0 10 0 96 = 1.0
0 10 0 114 = 1.0
0 10 0 115 = 1.0
0 10 0 116 = 1.0
0 10 0 117 = 1.0
0 10 0 118 = 1.0
0 10 0 119 = 1.0
0 11 0 0 = 1.0
0 11 0 1 = 1.0
0 11 0 2 = 1.0
0 11 0 3 = 1.0
0 11 0 4 = 1.0
0 11 0 5 = 1.0
0 11 0 6 = 1.0
0 11 0 7 = 1.0
0 11 0 8 = 1.0
0 11 0 9 = 1.0
0 11 0 10 = 1.0
0 11 0 11 = 1.0
0 11 0 28 = 1.0
0 11 0 29 = 1.0
0 11 0 30 = 1.0
0 11 0 31 = 1.0
0 11 0 32 = 1.0
0 11 0 33 = 1.0
0 11 0 34 = 1.0
0 11 0 35 = 1.0
0 11 0 36 = 1.0
0 11 0 37 = 1.0
0 11 0 38 = 1.0
0 11 0 39 = 1.0
0 11 0 40 = 1.0
0 11 0 41 = 1.0
0 11 0 42 = 1.0
0 11 0 43 = 1.0
0 11 0 44 = 1.0
0 11 0 45 = 1.0
0 11 0 46 = 1.0
0 11 0 47 = 1.0
0 11 0 48 = 1.0
0 11 0 53 = 1.0
0 11 0 54 = 1.0
0 12 0 28 = 1.0
0 12 0 29 = 1.0
0 12 0 30 = 1.0
0 12 0 31 = 1.0
0 12 0 32 = 1.0
0 12 0 33 = 1.0
0 12 0 34 = 1.0
0 12 0 35 = 1.0
0 12 0 36 = 1.0
0 12 0 37 = 1.0
0 12 0 38 = 1.0
0 12 0 39 = 1.0
0 12 0 40 = 1.0
0 12 0 41 = 1.0
0 12 0 56 = 1.0
0 12 0 57 = 1.0
0 12 2 34 = 1.0
0 12 2 35 = 1.0
0 12 2 36 = 1.0
0 12 2 37 = 1.0
0 12 2 38 = 1.0
0 15 0 92 = 1.0
0 15 0 95 = 1.0
0 18 0 39 = 1.0
0 18 0 40 = 1.0
0 18 0 41 = 1.0
0 18 0 42 = 1.0
0 18 0 43 = 1.0
0 18 0 44 = 1.0
0 18 0 45 = 1.0
0 18 0 111 = 1.0
0 18 0 112 = 1.0
0 18 0 113 = 1.0
1 9 0 38 = 1.0
1 9 0 39 = 1.0
1 9 0 40 = 1.0
1 9 0 41 = 1.0
1 9 0 42 = 1.0
1 9 0 43 = 1.0
1 9 0 44 = 1.0
1 9 0 45 = 1.0
1 9 0 46 = 1.0
1 9 0 47 = 1.0
1 9 0 48 = 1.0
1 9 2 38 = 1.0
1 10 0 0 = 1.0
1 10 0 1 = 1.0
1 10 0 2 = 1.0
1 10 0 3 = 1.0
1 10 0 72 = 1.0
1 10 0 73 = 1.0
1 10 0 74 = 1.0
1 10 0 75 = 1.0
1 10 0 76 = 1.0
1 10 0 77 = 1.0
1 10 2 73 = 1.0
1 12 0 6 = 1.0
1 12 0 7 = 1.0
1 12 0 8 = 1.0
1 12 0 9 = 1.0
1 12 0 10 = 1.0
1 12 0 18 = 1.0
1 12 2 7 = 1.0
1 12 2 8 = 1.0
2 9 0 33 = 1.0
2 9 0 34 = 1.0
2 9 0 35 = 1.0
2 9 0 51 = 1.0
2 9 0 52 = 1.0
2 9 0 53 = 1.0
2 10 0 6 = 1.0
2 10 0 7 = 1.0
2 10 0 8 = 1.0
2 10 0 67 = 1.0
2 10 0 68 = 1.0
2 10 0 69 = 1.0
2 10 0 80 = 1.0
2 10 0 81 = 1.0
2 10 0 82 = 1.0
2 12 0 1 = 1.0
2 12 0 2 = 1.0
2 12 0 3 = 1.0
2 12 0 21 = 1.0
2 12 0 22 = 1.0
2 12 0 23 = 1.0
3 9 0 18 = 1.0
3 9 0 19 = 1.0
3 9 0 20 = 1.0
3 9 0 21 = 1.0
3 9 0 22 = 1.0
3 9 0 23 = 1.0
3 9 0 24 = 1.0
3 9 0 25 = 1.0
3 9 0 26 = 1.0
3 9 0 27 = 1.0
3 9 0 28 = 1.0
3 9 0 29 = 1.0
3 9 0 30 = 1.0
3 9 0 31 = 1.0
3 9 0 55 = 1.0
3 9 0 56 = 1.0
3 9 0 57 = 1.0
3 9 0 58 = 1.0
3 9 0 59 = 1.0
3 9 0 60 = 1.0
3 9 0 61 = 1.0
3 9 0 62 = 1.0
3 9 0 63 = 1.0
3 9 0 64 = 1.0
3 9 0 65 = 1.0
3 9 0 66 = 1.0
3 9 0 67 = 1.0
3 9 0 69 = 1.0
3 9 0 70 = 1.0
3 9 0 74 = 1.0
3 9 0 75 = 1.0
3 9 0 76 = 1.0
3 9 0 87 = 1.0
3 9 0 88 = 1.0
3 9 0 89 = 1.0
3 9 0 90 = 1.0
3 9 0 91 = 1.0
3 9 0 92 = 1.0
3 9 0 93 = 1.0
3 9 0 94 = 1.0
3 9 0 95 = 1.0
3 9 0 96 = 1.0
3 9 0 97 = 1.0
3 9 0 98 = 1.0
3 9 0 99 = 1.0
3 9 0 100 = 1.0
3 9 0 101 = 1.0
3 9 0 102 = 1.0
3 9 0 103 = 1.0
3 9 1 24 = 1.0
3 9 1 25 = 1.0
3 9 1 26 = 1.0
3 9 1 59 = 1.0
3 9 1 60 = 1.0
3 9 2 21 = 1.0
3 9 2 22 = 1.0
3 9 2 23 = 1.0
3 9 2 24 = 1.0
3 9 2 25 = 1.0
3 9 2 26 = 1.0
3 9 2 27 = 1.0
3 9 2 28 = 1.0
3 9 2 58 = 1.0
3 9 2 59 = 1.0
3 9 2 60 = 1.0
3 9 2 61 = 1.0
3 9 2 62 = 1.0
3 9 2 63 = 1.0
3 9 2 64 = 1.0
3 9 2 65 = 1.0
3 9 2 66 = 1.0
3 9 2 67 = 1.0
3 9 2 69 = 1.0
3 9 2 70 = 1.0
3 9 2 74 = 1.0
3 9 2 75 = 1.0
3 9 2 76 = 1.0
3 9 2 87 = 1.0
3 9 2 88 = 1.0
3 9 2 89 = 1.0
3 9 2 90 = 1.0
3 9 2 91 = 1.0
3 9 2 92 = 1.0
3 9 2 93 = 1.0
3 9 2 94 = 1.0
3 9 2 95 = 1.0
3 9 2 96 = 1.0
3 9 2 97 = 1.0
3 9 2 98 = 1.0
3 9 2 99 = 1.0
3 9 2 100 = 1.0
3 9 3 24 = 1.0
3 9 3 25 = 1.0
3 9 3 26 = 1.0
3 9 3 59 = 1.0
3 9 3 60 = 1.0
3 9 3 61 = 1.0
3 10 0 10 = 1.0
3 10 0 11 = 1.0
3 10 0 12 = 1.0
3 10 0 13 = 1.0
3 10 0 14 = 1.0
3 10 0 15 = 1.0
3 10 0 16 = 1.0
3 10 0 17 = 1.0
3 10 0 18 = 1.0
3 10 0 19 = 1.0
3 10 0 20 = 1.0
3 10 0 21 = 1.0
3 10 0 22 = 1.0
3 10 0 49 = 1.0
3 10 0 50 = 1.0
3 10 0 51 = 1.0
3 10 0 52 = 1.0
3 10 0 53 = 1.0
3 10 0 54 = 1.0
3 10 0 55 = 1.0
3 10 0 56 = 1.0
3 10 0 57 = 1.0
3 10 0 58 = 1.0
3 10 0 59 = 1.0
3 10 0 60 = 1.0
3 10 0 61 = 1.0
3 10 0 62 = 1.0
3 10 0 63 = 1.0
3 10 0 64 = 1.0
3 10 0 65 = 1.0
3 10 0 84 = 1.0
3 10 0 85 = 1.0
3 10 0 86 = 1.0
3 10 0 87 = 1.0
3 10 0 88 = 1.0
3 10 0 89 = 1.0
3 10 0 90 = 1.0
3 10 0 91 = 1.0
3 10 0 92 = 1.0
3 10 0 93 = 1.0
3 10 0 94 = 1.0
3 10 0 118 = 1.0
3 10 0 119 = 1.0
3 10 1 60 = 1.0
3 10 1 87 = 1.0
3 10 2 13 = 1.0
3 10 2 14 = 1.0
3 10 2 15 = 1.0
3 10 2 16 = 1.0
3 10 2 17 = 1.0
3 10 2 18 = 1.0
3 10 2 19 = 1.0
3 10 2 52 = 1.0
3 10 2 53 = 1.0
3 10 2 54 = 1.0
3 10 2 55 = 1.0
3 10 2 56 = 1.0
3 10 2 57 = 1.0
3 10 2 58 = 1.0
3 10 2 59 = 1.0
3 10 2 60 = 1.0
3 10 2 61 = 1.0
3 10 2 62 = 1.0
3 10 2 86 = 1.0
3 10 2 87 = 1.0
3 10 2 88 = 1.0
3 10 2 89 = 1.0
3 10 2 90 = 1.0
3 10 2 91 = 1.0
3 10 3 14 = 1.0
3 10 3 15 = 1.0
3 10 3 58 = 1.0
3 10 3 59 = 1.0
3 10 3 60 = 1.0
3 10 3 87 = 1.0
3 10 3 88 = 1.0
3 11 0 0 = 1.0
3 11 0 1 = 1.0
3 11 0 2 = 1.0
3 11 0 3 = 1.0
3 11 0 4 = 1.0
3 11 0 5 = 1.0
3 11 0 6 = 1.0
3 11 0 7 = 1.0
3 11 0 33 = 1.0
3 11 0 34 = 1.0
3 11 0 35 = 1.0
3 11 0 36 = 1.0
3 11 0 37 = 1.0
3 11 0 38 = 1.0
3 11 0 39 = 1.0
3 11 0 40 = 1.0
3 11 0 41 = 1.0
3 11 0 42 = 1.0
3 11 0 43 = 1.0
3 11 0 44 = 1.0
3 11 0 45 = 1.0
3 11 0 46 = 1.0
3 11 0 47 = 1.0
3 11 0 48 = 1.0
3 11 0 53 = 1.0
3 11 0 54 = 1.0
3 11 1 40 = 1.0
3 11 2 0 = 1.0
3 11 2 1 = 1.0
3 11 2 2 = 1.0
3 11 2 3 = 1.0
3 11 2 4 = 1.0
3 11 2 36 = 1.0
3 11 2 37 = 1.0
3 11 2 38 = 1.0
3 11 2 39 = 1.0
3 11 2 40 = 1.0
3 11 2 41 = 1.0
3 11 2 42 = 1.0
3 11 2 43 = 1.0
3 11 2 44 = 1.0
3 11 2 45 = 1.0
3 11 2 46 = 1.0
3 11 2 47 = 1.0
3 11 2 48 = 1.0
3 11 2 53 = 1.0
3 11 2 54 = 1.0
3 11 3 0 = 1.0
3 11 3 39 = 1.0
3 11 3 40 = 1.0
3 12 0 25 = 1.0
3 12 0 26 = 1.0
3 12 0 27 = 1.0
3 12 0 28 = 1.0
3 12 0 29 = 1.0
3 12 0 30 = 1.0
3 12 0 31 = 1.0
3 12 0 32 = 1.0
3 12 0 33 = 1.0
3 12 0 34 = 1.0
3 12 0 35 = 1.0
3 12 0 36 = 1.0
3 12 0 37 = 1.0
3 12 0 38 = 1.0
3 12 0 39 = 1.0
3 12 0 40 = 1.0
3 12 0 41 = 1.0
3 12 0 56 = 1.0
3 12 0 57 = 1.0
3 12 1 28 = 1.0
3 12 1 29 = 1.0
3 12 2 27 = 1.0
3 12 2 28 = 1.0
3 12 2 29 = 1.0
3 12 2 30 = 1.0
3 12 2 31 = 1.0
3 12 2 32 = 1.0
3 12 2 33 = 1.0
3 12 2 34 = 1.0
3 12 2 35 = 1.0
3 12 2 36 = 1.0
3 12 2 37 = 1.0
3 12 2 38 = 1.0
3 12 2 39 = 1.0
3 12 2 40 = 1.0
3 12 2 41 = 1.0
3 12 2 56 = 1.0
3 12 2 57 = 1.0
3 12 3 28 = 1.0
3 12 3 29 = 1.0
3 12 3 30 = 1.0
3 15 0 92 = 1.0
3 15 0 95 = 1.0
3 15 2 92 = 1.0
3 15 2 95 = 1.0
3 18 0 39 = 1.0
3 18 0 40 = 1.0
3 18 0 41 = 1.0
3 18 0 42 = 1.0
3 18 0 43 = 1.0
3 18 0 44 = 1.0
3 18 0 45 = 1.0
3 18 0 111 = 1.0
3 18 0 112 = 1.0
3 18 0 113 = 1.0
3 18 2 39 = 1.0
3 18 2 40 = 1.0
3 18 2 41 = 1.0
3 18 2 42 = 1.0
3 18 2 43 = 1.0
3 18 2 44 = 1.0
3 18 2 45 = 1.0
3 18 2 111 = 1.0
3 18 2 112 = 1.0
3 18 2 113 = 1.0
5 14 0 97 = 1.0
5 14 0 98 = 1.0
5 14 1 97 = 1.0
5 14 1 98 = 1.0
5 14 2 97 = 1.0
5 14 2 98 = 1.0
5 14 3 97 = 1.0
5 14 3 98 = 1.0
6 9 0 20 = 1.0
6 9 0 21 = 1.0
6 9 0 22 = 1.0
6 9 0 23 = 1.0
6 9 0 24 = 1.0
6 9 0 25 = 1.0
6 9 0 26 = 1.0
6 9 0 27 = 1.0
6 9 0 28 = 1.0
6 9 0 29 = 1.0
6 9 0 30 = 1.0
6 9 0 31 = 1.0
6 9 0 55 = 1.0
6 9 0 56 = 1.0
6 9 0 57 = 1.0
6 9 0 58 = 1.0
6 9 0 59 = 1.0
6 9 0 60 = 1.0
6 9 0 61 = 1.0
6 9 0 62 = 1.0
6 9 0 63 = 1.0
6 9 0 64 = 1.0
6 9 0 65 = 1.0
6 9 0 66 = 1.0
6 9 0 67 = 1.0
6 9 0 69 = 1.0
6 9 0 70 = 1.0
6 9 0 74 = 1.0
6 9 0 75 = 1.0
6 9 0 76 = 1.0
6 9 0 87 = 1.0
6 9 0 88 = 1.0
6 9 0 89 = 1.0
6 9 0 90 = 1.0
6 9 0 91 = 1.0
6 9 0 92 = 1.0
6 9 0 93 = 1.0
6 9 0 94 = 1.0
6 9 0 95 = 1.0
6 9 0 96 = 1.0
6 9 0 97 = 1.0
6 9 0 98 = 1.0
6 9 0 99 = 1.0
6 9 0 100 = 1.0
6 9 2 23 = 1.0
6 9 2 24 = 1.0
6 9 2 25 = 1.0
6 9 2 26 = 1.0
6 9 2 27 = 1.0
6 9 2 28 = 1.0
6 9 2 29 = 1.0
6 9 2 30 = 1.0
6 9 2 56 = 1.0
6 9 2 57 = 1.0
6 9 2 58 = 1.0
6 9 2 59 = 1.0
6 9 2 60 = 1.0
6 9 2 61 = 1.0
6 10 0 9 = 1.0
6 10 0 10 = 1.0
6 10 0 11 = 1.0
6 10 0 12 = 1.0
6 10 0 13 = 1.0
6 10 0 14 = 1.0
6 10 0 15 = 1.0
6 10 0 16 = 1.0
6 10 0 17 = 1.0
6 10 0 18 = 1.0
6 10 0 19 = 1.0
6 10 0 20 = 1.0
6 10 0 52 = 1.0
6 10 0 53 = 1.0
6 10 0 54 = 1.0
6 10 0 55 = 1.0
6 10 0 56 = 1.0
6 10 0 57 = 1.0
6 10 0 58 = 1.0
6 10 0 59 = 1.0
6 10 0 60 = 1.0
6 10 0 61 = 1.0
6 10 0 62 = 1.0
6 10 0 63 = 1.0
6 10 0 64 = 1.0
6 10 0 65 = 1.0
6 10 0 66 = 1.0
6 10 0 83 = 1.0
6 10 0 84 = 1.0
6 10 0 85 = 1.0
6 10 0 86 = 1.0
6 10 0 87 = 1.0
6 10 0 88 = 1.0
6 10 0 89 = 1.0
6 10 0 90 = 1.0
6 10 0 91 = 1.0
6 10 2 11 = 1.0
6 10 2 12 = 1.0
6 10 2 13 = 1.0
6 10 2 14 = 1.0
6 10 2 15 = 1.0
6 10 2 58 = 1.0
6 10 2 59 = 1.0
6 10 2 60 = 1.0
6 10 2 61 = 1.0
6 10 2 62 = 1.0
6 10 2 63 = 1.0
6 10 2 64 = 1.0
6 10 2 85 = 1.0
6 10 2 86 = 1.0
6 10 2 87 = 1.0
6 10 2 88 = 1.0
6 11 0 0 = 1.0
6 11 0 1 = 1.0
6 11 0 2 = 1.0
6 11 0 3 = 1.0
6 11 0 4 = 1.0
6 11 0 36 = 1.0
6 11 0 37 = 1.0
6 11 0 38 = 1.0
6 11 0 39 = 1.0
6 11 0 40 = 1.0
6 11 0 41 = 1.0
6 11 0 42 = 1.0
6 11 0 43 = 1.0
6 11 0 44 = 1.0
6 11 0 45 = 1.0
6 11 0 46 = 1.0
6 11 0 47 = 1.0
6 11 0 48 = 1.0
6 11 0 53 = 1.0
6 11 0 54 = 1.0
6 11 2 0 = 1.0
6 11 2 39 = 1.0
6 11 2 40 = 1.0
6 12 0 0 = 1.0
6 12 0 24 = 1.0
6 12 0 25 = 1.0
6 12 0 26 = 1.0
6 12 0 27 = 1.0
6 12 0 28 = 1.0
6 12 0 29 = 1.0
6 12 0 30 = 1.0
6 12 0 31 = 1.0
6 12 0 32 = 1.0
6 12 0 33 = 1.0
6 12 0 34 = 1.0
6 12 0 35 = 1.0
6 12 0 36 = 1.0
6 12 0 37 = 1.0
6 12 0 38 = 1.0
6 12 0 39 = 1.0
6 12 0 40 = 1.0
6 12 0 41 = 1.0
6 12 0 56 = 1.0
6 12 0 57 = 1.0
6 12 2 26 = 1.0
6 12 2 27 = 1.0
6 12 2 28 = 1.0
6 12 2 29 = 1.0
6 12 2 30 = 1.0
6 15 0 92 = 1.0
6 15 0 95 = 1.0
6 18 0 39 = 1.0
6 18 0 40 = 1.0
6 18 0 41 = 1.0
6 18 0 42 = 1.0
6 18 0 43 = 1.0
6 18 0 44 = 1.0
6 18 0 45 = 1.0
6 18 0 111 = 1.0
6 18 0 112 = 1.0
6 18 0 113 = 1.0
7 9 0 0 = 1.0
7 9 0 12 = 1.0
7 9 0 13 = 1.0
7 9 0 14 = 1.0
7 9 0 15 = 1.0
7 9 0 16 = 1.0
7 9 0 17 = 1.0
7 9 0 18 = 1.0
7 9 0 19 = 1.0
7 9 0 20 = 1.0
7 9 0 21 = 1.0
7 9 0 22 = 1.0
7 9 0 23 = 1.0
7 9 0 61 = 1.0
7 9 0 62 = 1.0
7 9 0 63 = 1.0
7 9 0 64 = 1.0
7 9 0 65 = 1.0
7 9 0 66 = 1.0
7 9 0 67 = 1.0
7 9 0 94 = 1.0
7 9 0 95 = 1.0
7 9 0 96 = 1.0
7 9 0 97 = 1.0
7 9 0 98 = 1.0
7 9 0 99 = 1.0
7 9 0 100 = 1.0
7 9 0 101 = 1.0
7 9 0 102 = 1.0
7 9 0 103 = 1.0
7 9 0 104 = 1.0
7 9 0 105 = 1.0
7 9 0 106 = 1.0
7 9 0 107 = 1.0
7 9 0 108 = 1.0
7 9 0 109 = 1.0
7 9 1 15 = 1.0
7 9 1 16 = 1.0
7 9 1 17 = 1.0
7 9 1 104 = 1.0
7 9 1 105 = 1.0
7 9 1 106 = 1.0
7 9 1 107 = 1.0
7 9 2 14 = 1.0
7 9 2 15 = 1.0
7 9 2 16 = 1.0
7 9 2 17 = 1.0
7 9 2 18 = 1.0
7 9 2 19 = 1.0
7 9 2 20 = 1.0
7 9 2 100 = 1.0
7 9 2 101 = 1.0
7 9 2 102 = 1.0
7 9 2 103 = 1.0
7 9 2 104 = 1.0
7 9 2 105 = 1.0
7 9 2 106 = 1.0
7 9 2 107 = 1.0
7 9 2 108 = 1.0
7 9 3 15 = 1.0
7 9 3 16 = 1.0
7 9 3 17 = 1.0
7 9 3 103 = 1.0
7 9 3 104 = 1.0
7 9 3 105 = 1.0
7 9 3 106 = 1.0
7 9 3 107 = 1.0
7 10 0 15 = 1.0
7 10 0 16 = 1.0
7 10 0 17 = 1.0
7 10 0 18 = 1.0
7 10 0 19 = 1.0
7 10 0 20 = 1.0
7 10 0 21 = 1.0
7 10 0 22 = 1.0
7 10 0 23 = 1.0
7 10 0 24 = 1.0
7 10 0 25 = 1.0
7 10 0 26 = 1.0
7 10 0 43 = 1.0
7 10 0 44 = 1.0
7 10 0 45 = 1.0
7 10 0 46 = 1.0
7 10 0 47 = 1.0
7 10 0 48 = 1.0
7 10 0 49 = 1.0
7 10 0 50 = 1.0
7 10 0 51 = 1.0
7 10 0 52 = 1.0
7 10 0 53 = 1.0
7 10 0 54 = 1.0
7 10 0 55 = 1.0
7 10 0 56 = 1.0
7 10 0 57 = 1.0
7 10 0 58 = 1.0
7 10 0 59 = 1.0
7 10 0 88 = 1.0
7 10 0 89 = 1.0
7 10 0 90 = 1.0
7 10 0 91 = 1.0
7 10 0 92 = 1.0
7 10 0 93 = 1.0
7 10 0 94 = 1.0
7 10 0 95 = 1.0
7 10 0 96 = 1.0
7 10 0 97 = 1.0
7 10 0 113 = 1.0
7 10 0 114 = 1.0
7 10 0 115 = 1.0
7 10 0 116 = 1.0
7 10 0 117 = 1.0
7 10 0 118 = 1.0
7 10 0 119 = 1.0
7 10 1 23 = 1.0
7 10 1 24 = 1.0
7 10 1 46 = 1.0
7 10 1 47 = 1.0
7 10 1 48 = 1.0
7 10 1 95 = 1.0
7 10 1 115 = 1.0
7 10 1 116 = 1.0
7 10 1 117 = 1.0
7 10 2 20 = 1.0
7 10 2 21 = 1.0
7 10 2 22 = 1.0
7 10 2 23 = 1.0
7 10 2 24 = 1.0
7 10 2 25 = 1.0
7 10 2 45 = 1.0
7 10 2 46 = 1.0
7 10 2 47 = 1.0
7 10 2 48 = 1.0
7 10 2 49 = 1.0
7 10 2 50 = 1.0
7 10 2 51 = 1.0
7 10 2 92 = 1.0
7 10 2 93 = 1.0
7 10 2 94 = 1.0
7 10 2 95 = 1.0
7 10 2 96 = 1.0
7 10 2 114 = 1.0
7 10 2 115 = 1.0
7 10 2 116 = 1.0
7 10 2 117 = 1.0
7 10 2 118 = 1.0
7 10 2 119 = 1.0
7 10 3 23 = 1.0
7 10 3 24 = 1.0
7 10 3 46 = 1.0
7 10 3 47 = 1.0
7 10 3 48 = 1.0
7 10 3 95 = 1.0
7 10 3 115 = 1.0
7 10 3 116 = 1.0
7 10 3 117 = 1.0
7 11 0 0 = 1.0
7 11 0 1 = 1.0
7 11 0 2 = 1.0
7 11 0 3 = 1.0
7 11 0 4 = 1.0
7 11 0 5 = 1.0
7 11 0 6 = 1.0
7 11 0 7 = 1.0
7 11 0 8 = 1.0
7 11 0 9 = 1.0
7 11 0 10 = 1.0
7 11 0 11 = 1.0
7 11 0 12 = 1.0
7 11 0 13 = 1.0
7 11 0 27 = 1.0
7 11 0 28 = 1.0
7 11 0 29 = 1.0
7 11 0 30 = 1.0
7 11 0 31 = 1.0
7 11 0 32 = 1.0
7 11 0 33 = 1.0
7 11 0 34 = 1.0
7 11 0 35 = 1.0
7 11 0 36 = 1.0
7 11 0 37 = 1.0
7 11 0 38 = 1.0
7 11 0 39 = 1.0
7 11 1 9 = 1.0
7 11 1 10 = 1.0
7 11 1 30 = 1.0
7 11 1 31 = 1.0
7 11 1 32 = 1.0
7 11 2 4 = 1.0
7 11 2 5 = 1.0
7 11 2 6 = 1.0
7 11 2 7 = 1.0
7 11 2 8 = 1.0
7 11 2 9 = 1.0
7 11 2 10 = 1.0
7 11 2 11 = 1.0
7 11 2 29 = 1.0
7 11 2 30 = 1.0
7 11 2 31 = 1.0
7 11 2 32 = 1.0
7 11 2 33 = 1.0
7 11 2 34 = 1.0
7 11 2 35 = 1.0
7 11 3 8 = 1.0
7 11 3 9 = 1.0
7 11 3 10 = 1.0
7 11 3 30 = 1.0
7 11 3 31 = 1.0
7 11 3 32 = 1.0
7 12 0 30 = 1.0
7 12 0 31 = 1.0
7 12 0 32 = 1.0
7 12 0 33 = 1.0
7 12 0 34 = 1.0
7 12 0 35 = 1.0
7 12 0 36 = 1.0
7 12 0 37 = 1.0
7 12 0 38 = 1.0
7 12 0 39 = 1.0
8 9 0 19 = 1.0
8 9 0 20 = 1.0
8 9 0 21 = 1.0
8 9 0 22 = 1.0
8 9 0 23 = 1.0
8 9 0 24 = 1.0
8 9 0 25 = 1.0
8 9 0 26 = 1.0
8 9 0 27 = 1.0
8 9 0 28 = 1.0
8 9 0 30 = 1.0
8 9 0 56 = 1.0
8 9 0 57 = 1.0
8 9 0 58 = 1.0
8 9 0 59 = 1.0
8 9 0 60 = 1.0
8 9 0 61 = 1.0
8 9 0 62 = 1.0
8 9 0 63 = 1.0
8 9 0 64 = 1.0
8 9 0 65 = 1.0
8 9 0 66 = 1.0
8 9 0 67 = 1.0
8 9 0 69 = 1.0
8 9 0 70 = 1.0
8 9 0 74 = 1.0
8 9 0 75 = 1.0
8 9 0 76 = 1.0
8 9 0 87 = 1.0
8 9 0 88 = 1.0
8 9 0 89 = 1.0
8 9 0 90 = 1.0
8 9 0 91 = 1.0
8 9 0 92 = 1.0
8 9 0 93 = 1.0
8 9 0 94 = 1.0
8 9 0 95 = 1.0
8 9 0 96 = 1.0
8 9 0 97 = 1.0
8 9 0 98 = 1.0
8 9 0 99 = 1.0
8 9 0 100 = 1.0
8 9 0 101 = 1.0
8 9 2 66 = 1.0
8 9 2 67 = 1.0
8 9 2 69 = 1.0
8 9 2 70 = 1.0
8 9 2 74 = 1.0
8 9 2 75 = 1.0
8 9 2 76 = 1.0
8 9 2 87 = 1.0
8 9 2 88 = 1.0
8 9 2 89 = 1.0
8 9 2 90 = 1.0
8 9 2 91 = 1.0
8 9 2 92 = 1.0
8 9 2 93 = 1.0
8 9 2 94 = 1.0
8 9 2 95 = 1.0
8 10 0 10 = 1.0
8 10 0 11 = 1.0
8 10 0 13 = 1.0
8 10 0 14 = 1.0
8 10 0 15 = 1.0
8 10 0 16 = 1.0
8 10 0 17 = 1.0
8 10 0 18 = 1.0
8 10 0 19 = 1.0
8 10 0 20 = 1.0
8 10 0 51 = 1.0
8 10 0 52 = 1.0
8 10 0 53 = 1.0
8 10 0 54 = 1.0
8 10 0 55 = 1.0
8 10 0 56 = 1.0
8 10 0 57 = 1.0
8 10 0 58 = 1.0
8 10 0 59 = 1.0
8 10 0 60 = 1.0
8 10 0 61 = 1.0
8 10 0 62 = 1.0
8 10 0 63 = 1.0
8 10 0 64 = 1.0
8 10 0 65 = 1.0
8 10 0 84 = 1.0
8 10 0 86 = 1.0
8 10 0 87 = 1.0
8 10 0 88 = 1.0
8 10 0 89 = 1.0
8 10 0 90 = 1.0
8 10 0 91 = 1.0
8 10 0 92 = 1.0
8 11 0 0 = 1.0
8 11 0 1 = 1.0
8 11 0 2 = 1.0
8 11 0 3 = 1.0
8 11 0 4 = 1.0
8 11 0 5 = 1.0
8 11 0 35 = 1.0
8 11 0 36 = 1.0
8 11 0 37 = 1.0
8 11 0 38 = 1.0
8 11 0 39 = 1.0
8 11 0 40 = 1.0
8 11 0 41 = 1.0
8 11 0 42 = 1.0
8 11 0 43 = 1.0
8 11 0 44 = 1.0
8 11 0 45 = 1.0
8 11 0 46 = 1.0
8 11 0 47 = 1.0
8 11 0 48 = 1.0
8 11 0 53 = 1.0
8 11 0 54 = 1.0
8 11 2 41 = 1.0
8 11 2 42 = 1.0
8 11 2 43 = 1.0
8 11 2 44 = 1.0
8 11 2 45 = 1.0
8 11 2 46 = 1.0
8 11 2 47 = 1.0
8 11 2 48 = 1.0
8 11 2 53 = 1.0
8 11 2 54 = 1.0
8 12 0 25 = 1.0
8 12 0 27 = 1.0
8 12 0 28 = 1.0
8 12 0 29 = 1.0
8 12 0 30 = 1.0
8 12 0 31 = 1.0
8 12 0 32 = 1.0
8 12 0 33 = 1.0
8 12 0 34 = 1.0
8 12 0 35 = 1.0
8 12 0 36 = 1.0
8 12 0 37 = 1.0
8 12 0 38 = 1.0
8 12 0 39 = 1.0
8 12 0 40 = 1.0
8 12 0 41 = 1.0
8 12 0 56 = 1.0
8 12 0 57 = 1.0
8 12 2 38 = 1.0
8 12 2 39 = 1.0
8 12 2 40 = 1.0
8 12 2 41 = 1.0
8 12 2 56 = 1.0
8 12 2 57 = 1.0
8 15 0 92 = 1.0
8 15 0 95 = 1.0
8 15 2 92 = 1.0
8 15 2 95 = 1.0
8 18 0 39 = 1.0
8 18 0 40 = 1.0
8 18 0 41 = 1.0
8 18 0 42 = 1.0
8 18 0 43 = 1.0
8 18 0 44 = 1.0
8 18 0 45 = 1.0
8 18 0 111 = 1.0
8 18 0 112 = 1.0
8 18 0 113 = 1.0
8 18 2 39 = 1.0
8 18 2 40 = 1.0
8 18 2 41 = 1.0
8 18 2 42 = 1.0
8 18 2 43 = 1.0
8 18 2 44 = 1.0
8 18 2 45 = 1.0
8 18 2 111 = 1.0
8 18 2 112 = 1.0
8 18 2 113 = 1.0
9 0 0 14 = 1.0
9 0 0 15 = 1.0
9 0 0 16 = 1.0
9 0 0 17 = 1.0
9 0 0 18 = 1.0
9 0 0 19 = 1.0
9 0 0 20 = 1.0
9 0 0 21 = 1.0
9 0 0 22 = 1.0
9 0 0 23 = 1.0
9 0 0 24 = 1.0
9 0 0 25 = 1.0
9 0 0 26 = 1.0
9 0 0 59 = 1.0
9 0 0 60 = 1.0
9 0 0 61 = 1.0
9 0 0 62 = 1.0
9 0 0 63 = 1.0
9 0 0 64 = 1.0
9 0 0 65 = 1.0
9 0 0 66 = 1.0
9 0 0 67 = 1.0
9 0 0 69 = 1.0
9 0 0 70 = 1.0
9 0 0 74 = 1.0
9 0 0 75 = 1.0
9 0 0 76 = 1.0
9 0 0 87 = 1.0
9 0 0 88 = 1.0
9 0 0 89 = 1.0
9 0 0 90 = 1.0
9 0 0 91 = 1.0
9 0 0 92 = 1.0
9 0 0 93 = 1.0
9 0 0 94 = 1.0
9 0 0 95 = 1.0
9 0 0 96 = 1.0
9 0 0 97 = 1.0
9 0 0 98 = 1.0
9 0 0 99 = 1.0
9 0 0 100 = 1.0
9 0 0 101 = 1.0
9 0 0 102 = 1.0
9 0 0 103 = 1.0
9 0 0 104 = 1.0
9 0 0 105 = 1.0
9 0 0 106 = 1.0
9 0 0 107 = 1.0
9 0 0 108 = 1.0
9 0 2 65 = 1.0
9 0 2 66 = 1.0
9 0 2 95 = 1.0
9 0 2 96 = 1.0
9 0 2 97 = 1.0
9 0 2 98 = 1.0
9 0 2 99 = 1.0
9 1 0 38 = 1.0
9 1 0 39 = 1.0
9 1 0 40 = 1.0
9 1 0 41 = 1.0
9 1 0 42 = 1.0
9 1 0 43 = 1.0
9 1 0 44 = 1.0
9 1 0 45 = 1.0
9 1 0 46 = 1.0
9 1 0 47 = 1.0
9 1 0 48 = 1.0
9 1 2 38 = 1.0
9 2 0 33 = 1.0
9 2 0 34 = 1.0
9 2 0 35 = 1.0
9 2 0 51 = 1.0
9 2 0 52 = 1.0
9 2 0 53 = 1.0
9 3 0 18 = 1.0
9 3 0 19 = 1.0
9 3 0 20 = 1.0
9 3 0 21 = 1.0
9 3 0 22 = 1.0
9 3 0 23 = 1.0
9 3 0 24 = 1.0
9 3 0 25 = 1.0
9 3 0 26 = 1.0
9 3 0 27 = 1.0
9 3 0 28 = 1.0
9 3 0 29 = 1.0
9 3 0 30 = 1.0
9 3 0 31 = 1.0
9 3 0 55 = 1.0
9 3 0 56 = 1.0
9 3 0 57 = 1.0
9 3 0 58 = 1.0
9 3 0 59 = 1.0
9 3 0 60 = 1.0
9 3 0 61 = 1.0
9 3 0 62 = 1.0
9 3 0 63 = 1.0
9 3 0 64 = 1.0
9 3 0 65 = 1.0
9 3 0 66 = 1.0
9 3 0 67 = 1.0
9 3 0 69 = 1.0
9 3 0 70 = 1.0
9 3 0 74 = 1.0
9 3 0 75 = 1.0
9 3 0 76 = 1.0
9 3 0 87 = 1.0
9 3 0 88 = 1.0
9 3 0 89 = 1.0
9 3 0 90 = 1.0
9 3 0 91 = 1.0
9 3 0 92 = 1.0
9 3 0 93 = 1.0
9 3 0 94 = 1.0
9 3 0 95 = 1.0
9 3 0 96 = 1.0
9 3 0 97 = 1.0
9 3 0 98 = 1.0
9 3 0 99 = 1.0
9 3 0 100 = 1.0
9 3 0 101 = 1.0
9 3 0 102 = 1.0
9 3 0 103 = 1.0
9 3 1 24 = 1.0
9 3 1 25 = 1.0
9 3 1 26 = 1.0
9 3 1 59 = 1.0
9 3 1 60 = 1.0
9 3 2 21 = 1.0
9 3 2 22 = 1.0
9 3 2 23 = 1.0
9 3 2 24 = 1.0
9 3 2 25 = 1.0
9 3 2 26 = 1.0
9 3 2 27 = 1.0
9 3 2 28 = 1.0
9 3 2 58 = 1.0
9 3 2 59 = 1.0
9 3 2 60 = 1.0
9 3 2 61 = 1.0
9 3 2 62 = 1.0
9 3 2 63 = 1.0
9 3 2 64 = 1.0
9 3 2 65 = 1.0
9 3 2 66 = 1.0
9 3 2 67 = 1.0
9 3 2 69 = 1.0
9 3 2 70 = 1.0
9 3 2 74 = 1.0
9 3 2 75 = 1.0
9 3 2 76 = 1.0
9 3 2 87 = 1.0
9 3 2 88 = 1.0
9 3 2 89 = 1.0
9 3 2 90 = 1.0
9 3 2 91 = 1.0
9 3 2 92 = 1.0
9 3 2 93 = 1.0
9 3 2 94 = 1.0
9 3 2 95 = 1.0
9 3 2 96 = 1.0
9 3 2 97 = 1.0
9 3 2 98 = 1.0
9 3 2 99 = 1.0
9 3 2 100 = 1.0
9 3 3 24 = 1.0
9 3 3 25 = 1.0
9 3 3 26 = 1.0
9 3 3 59 = 1.0
9 3 3 60 = 1.0
9 3 3 61 = 1.0
9 6 0 20 = 1.0
9 6 0 21 = 1.0
9 6 0 22 = 1.0
9 6 0 23 = 1.0
9 6 0 24 = 1.0
9 6 0 25 = 1.0
9 6 0 26 = 1.0
9 6 0 27 = 1.0
9 6 0 28 = 1.0
9 6 0 29 = 1.0
9 6 0 30 = 1.0
9 6 0 31 = 1.0
9 6 0 55 = 1.0
9 6 0 56 = 1.0
9 6 0 57 = 1.0
9 6 0 58 = 1.0
9 6 0 59 = 1.0
9 6 0 60 = 1.0
9 6 0 61 = 1.0
9 6 0 62 = 1.0
9 6 0 63 = 1.0
9 6 0 64 = 1.0
9 6 0 65 = 1.0
9 6 0 66 = 1.0
9 6 0 67 = 1.0
9 6 0 69 = 1.0
9 6 0 70 = 1.0
9 6 0 74 = 1.0
9 6 0 75 = 1.0
9 6 0 76 = 1.0
9 6 0 87 = 1.0
9 6 0 88 = 1.0
9 6 0 89 = 1.0
9 6 0 90 = 1.0
9 6 0 91 = 1.0
9 6 0 92 = 1.0
9 6 0 93 = 1.0
9 6 0 94 = 1.0
9 6 0 95 = 1.0
9 6 0 96 = 1.0
9 6 0 97 = 1.0
9 6 0 98 = 1.0
9 6 0 99 = 1.0
9 6 0 100 = 1.0
9 6 2 23 = 1.0
9 6 2 24 = 1.0
9 6 2 25 = 1.0
9 6 2 26 = 1.0
9 6 2 27 = 1.0
9 6 2 28 = 1.0
9 6 2 29 = 1.0
9 6 2 30 = 1.0
9 6 2 56 = 1.0
9 6 2 57 = 1.0
9 6 2 58 = 1.0
9 6 2 59 = 1.0
9 6 2 60 = 1.0
9 6 2 61 = 1.0
9 7 0 0 = 1.0
9 7 0 12 = 1.0
9 7 0 13 = 1.0
9 7 0 14 = 1.0
9 7 0 15 = 1.0
9 7 0 16 = 1.0
9 7 0 17 = 1.0
9 7 0 18 = 1.0
9 7 0 19 = 1.0
9 7 0 20 = 1.0
9 7 0 21 = 1.0
9 7 0 22 = 1.0
9 7 0 23 = 1.0
9 7 0 61 = 1.0
9 7 0 62 = 1.0
9 7 0 63 = 1.0
9 7 0 64 = 1.0
9 7 0 65 = 1.0
9 7 0 66 = 1.0
9 7 0 67 = 1.0
9 7 0 94 = 1.0
9 7 0 95 = 1.0
9 7 0 96 = 1.0
9 7 0 97 = 1.0
9 7 0 98 = 1.0
9 7 0 99 = 1.0
9 7 0 100 = 1.0
9 7 0 101 = 1.0
9 7 0 102 = 1.0
9 7 0 103 = 1.0
9 7 0 104 = 1.0
9 7 0 105 = 1.0
9 7 0 106 = 1.0
9 7 0 107 = 1.0
9 7 0 108 = 1.0
9 7 0 109 = 1.0
9 7 1 15 = 1.0
9 7 1 16 = 1.0
9 7 1 17 = 1.0
9 7 1 104 = 1.0
9 7 1 105 = 1.0
9 7 1 106 = 1.0
9 7 1 107 = 1.0
9 7 2 14 = 1.0
9 7 2 15 = 1.0
9 7 2 16 = 1.0
9 7 2 17 = 1.0
9 7 2 18 = 1.0
9 7 2 19 = 1.0
9 7 2 20 = 1.0
9 7 2 100 = 1.0
9 7 2 101 = 1.0
9 7 2 102 = 1.0
9 7 2 103 = 1.0
9 7 2 104 = 1.0
9 7 2 105 = 1.0
9 7 2 106 = 1.0
9 7 2 107 = 1.0
9 7 2 108 = 1.0
9 7 3 15 = 1.0
9 7 3 16 = 1.0
9 7 3 17 = 1.0
9 7 3 103 = 1.0
9 7 3 104 = 1.0
9 7 3 105 = 1.0
9 7 3 106 = 1.0
9 7 3 107 = 1.0
9 8 0 19 = 1.0
9 8 0 20 = 1.0
9 8 0 21 = 1.0
9 8 0 22 = 1.0
9 8 0 23 = 1.0
9 8 0 24 = 1.0
9 8 0 25 = 1.0
9 8 0 26 = 1.0
9 8 0 27 = 1.0
9 8 0 28 = 1.0
9 8 0 30 = 1.0
9 8 0 56 = 1.0
9 8 0 57 = 1.0
9 8 0 58 = 1.0
9 8 0 59 = 1.0
9 8 0 60 = 1.0
9 8 0 61 = 1.0
9 8 0 62 = 1.0
9 8 0 63 = 1.0
9 8 0 64 = 1.0
9 8 0 65 = 1.0
9 8 0 66 = 1.0
9 8 0 67 = 1.0
9 8 0 69 = 1.0
9 8 0 70 = 1.0
9 8 0 74 = 1.0
9 8 0 75 = 1.0
9 8 0 76 = 1.0
9 8 0 87 = 1.0
9 8 0 88 = 1.0
9 8 0 89 = 1.0
9 8 0 90 = 1.0
9 8 0 91 = 1.0
9 8 0 92 = 1.0
9 8 0 93 = 1.0
9 8 0 94 = 1.0
9 8 0 95 = 1.0
9 8 0 96 = 1.0
9 8 0 97 = 1.0
9 8 0 98 = 1.0
9 8 0 99 = 1.0
9 8 0 100 = 1.0
9 8 0 101 = 1.0
9 8 2 66 = 1.0
9 8 2 67 = 1.0
9 8 2 69 = 1.0
9 8 2 70 = 1.0
9 8 2 74 = 1.0
9 8 2 75 = 1.0
9 8 2 76 = 1.0
9 8 2 87 = 1.0
9 8 2 88 = 1.0
9 8 2 89 = 1.0
9 8 2 90 = 1.0
9 8 2 91 = 1.0
9 8 2 92 = 1.0
9 8 2 93 = 1.0
9 8 2 94 = 1.0
9 8 2 95 = 1.0
9 10 0 16 = 1.0
9 10 0 17 = 1.0
9 10 0 18 = 1.0
9 10 0 19 = 1.0
9 10 0 20 = 1.0
9 10 0 21 = 1.0
9 10 0 22 = 1.0
9 10 0 23 = 1.0
9 10 0 57 = 1.0
9 10 0 58 = 1.0
9 10 0 59 = 1.0
9 10 0 60 = 1.0
9 10 0 61 = 1.0
9 10 0 62 = 1.0
9 10 0 87 = 1.0
9 10 0 88 = 1.0
9 10 0 89 = 1.0
9 10 0 90 = 1.0
9 10 0 91 = 1.0
9 10 0 92 = 1.0
9 10 0 93 = 1.0
9 10 0 94 = 1.0
9 10 0 95 = 1.0
9 10 0 96 = 1.0
9 10 0 108 = 1.0
9 10 0 109 = 1.0
9 10 0 110 = 1.0
9 10 0 166 = 1.0
9 10 0 167 = 1.0
9 10 0 168 = 1.0
9 10 0 169 = 1.0
9 10 0 170 = 1.0
9 10 0 171 = 1.0
9 10 0 172 = 1.0
9 10 0 182 = 1.0
9 10 0 183 = 1.0
9 10 0 184 = 1.0
9 10 0 185 = 1.0
9 10 0 186 = 1.0
9 10 0 187 = 1.0
9 10 1 20 = 1.0
9 10 1 60 = 1.0
9 10 1 169 = 1.0
9 10 1 185 = 1.0
9 10 2 18 = 1.0
9 10 2 19 = 1.0
9 10 2 20 = 1.0
9 10 2 21 = 1.0
9 10 2 58 = 1.0
9 10 2 59 = 1.0
9 10 2 60 = 1.0
9 10 2 61 = 1.0
9 10 2 87 = 1.0
9 10 2 88 = 1.0
9 10 2 89 = 1.0
9 10 2 90 = 1.0
9 10 2 91 = 1.0
9 10 2 109 = 1.0
9 10 2 110 = 1.0
9 10 2 168 = 1.0
9 10 2 169 = 1.0
9 10 2 170 = 1.0
9 10 2 171 = 1.0
9 10 2 184 = 1.0
9 10 2 185 = 1.0
9 10 2 186 = 1.0
9 10 2 187 = 1.0
9 10 3 20 = 1.0
9 10 3 60 = 1.0
9 10 3 169 = 1.0
9 10 3 185 = 1.0
9 11 0 11 = 1.0
9 11 0 12 = 1.0
9 11 0 13 = 1.0
9 11 0 14 = 1.0
9 11 2 12 = 1.0
9 11 2 13 = 1.0
9 12 0 25 = 1.0
9 12 0 26 = 1.0
9 12 0 27 = 1.0
9 12 0 28 = 1.0
9 12 0 29 = 1.0
9 12 0 30 = 1.0
9 12 0 56 = 1.0
9 12 0 57 = 1.0
9 12 1 27 = 1.0
9 12 2 27 = 1.0
9 12 2 28 = 1.0
9 12 3 27 = 1.0
9 15 0 92 = 1.0
9 15 0 95 = 1.0
9 15 1 92 = 1.0
9 15 2 92 = 1.0
9 15 2 95 = 1.0
9 15 3 92 = 1.0
10 0 0 15 = 1.0
10 0 0 16 = 1.0
10 0 0 17 = 1.0
10 0 0 18 = 1.0
10 0 0 19 = 1.0
10 0 0 20 = 1.0
10 0 0 21 = 1.0
10 0 0 22 = 1.0
10 0 0 23 = 1.0
10 0 0 24 = 1.0
10 0 0 25 = 1.0
10 0 0 45 = 1.0
10 0 0 46 = 1.0
10 0 0 47 = 1.0
10 0 0 48 = 1.0
10 0 0 49 = 1.0
10 0 0 50 = 1.0
10 0 0 51 = 1.0
10 0 0 52 = 1.0
10 0 0 53 = 1.0
10 0 0 54 = 1.0
10 0 0 55 = 1.0
10 0 0 56 = 1.0
10 0 0 57 = 1.0
10 0 0 58 = 1.0
10 0 0 59 = 1.0
10 0 0 60 = 1.0
10 0 0 88 = 1.0
10 0 0 89 = 1.0
10 0 0 90 = 1.0
10 0 0 91 = 1.0
10 0 0 92 = 1.0
10 0 0 93 = 1.0
10 0 0 94 = 1.0
10 0 0 95 = 1.0
10 0 0 96 = 1.0
10 0 0 114 = 1.0
10 0 0 115 = 1.0
10 0 0 116 = 1.0
10 0 0 117 = 1.0
10 0 0 118 = 1.0
10 0 0 119 = 1.0
10 1 0 0 = 1.0
10 1 0 1 = 1.0
10 1 0 2 = 1.0
10 1 0 3 = 1.0
10 1 0 72 = 1.0
10 1 0 73 = 1.0
10 1 0 74 = 1.0
10 1 0 75 = 1.0
10 1 0 76 = 1.0
10 1 0 77 = 1.0
10 1 2 73 = 1.0
10 2 0 6 = 1.0
10 2 0 7 = 1.0
10 2 0 8 = 1.0
10 2 0 67 = 1.0
10 2 0 68 = 1.0
10 2 0 69 = 1.0
10 2 0 80 = 1.0
10 2 0 81 = 1.0
10 2 0 82 = 1.0
10 3 0 10 = 1.0
10 3 0 11 = 1.0
10 3 0 12 = 1.0
10 3 0 13 = 1.0
10 3 0 14 = 1.0
10 3 0 15 = 1.0
10 3 0 16 = 1.0
10 3 0 17 = 1.0
10 3 0 18 = 1.0
10 3 0 19 = 1.0
10 3 0 20 = 1.0
10 3 0 21 = 1.0
10 3 0 22 = 1.0
10 3 0 49 = 1.0
10 3 0 50 = 1.0
10 3 0 51 = 1.0
10 3 0 52 = 1.0
10 3 0 53 = 1.0
10 3 0 54 = 1.0
10 3 0 55 = 1.0
10 3 0 56 = 1.0
10 3 0 57 = 1.0
10 3 0 58 = 1.0
10 3 0 59 = 1.0
10 3 0 60 = 1.0
10 3 0 61 = 1.0
10 3 0 62 = 1.0
10 3 0 63 = 1.0
10 3 0 64 = 1.0
10 3 0 65 = 1.0
10 3 0 84 = 1.0
10 3 0 85 = 1.0
10 3 0 86 = 1.0
10 3 0 87 = 1.0
10 3 0 88 = 1.0
10 3 0 89 = 1.0
10 3 0 90 = 1.0
10 3 0 91 = 1.0
10 3 0 92 = 1.0
10 3 0 93 = 1.0
10 3 0 94 = 1.0
10 3 0 118 = 1.0
10 3 0 119 = 1.0
10 3 1 60 = 1.0
10 3 1 87 = 1.0
10 3 2 13 = 1.0
10 3 2 14 = 1.0
10 3 2 15 = 1.0
10 3 2 16 = 1.0
10 3 2 17 = 1.0
10 3 2 18 = 1.0
10 3 2 19 = 1.0
10 3 2 52 = 1.0
10 3 2 53 = 1.0
10 3 2 54 = 1.0
10 3 2 55 = 1.0
10 3 2 56 = 1.0
10 3 2 57 = 1.0
10 3 2 58 = 1.0
10 3 2 59 = 1.0
10 3 2 60 = 1.0
10 3 2 61 = 1.0
10 3 2 62 = 1.0
10 3 2 86 = 1.0
10 3 2 87 = 1.0
10 3 2 88 = 1.0
10 3 2 89 = 1.0
10 3 2 90 = 1.0
10 3 2 91 = 1.0
10 3 3 14 = 1.0
10 3 3 15 = 1.0
10 3 3 58 = 1.0
10 3 3 59 = 1.0
10 3 3 60 = 1.0
10 3 3 87 = 1.0
10 3 3 88 = 1.0
10 6 0 9 = 1.0
10 6 0 10 = 1.0
10 6 0 11 = 1.0
10 6 0 12 = 1.0
10 6 0 13 = 1.0
10 6 0 14 = 1.0
10 6 0 15 = 1.0
10 6 0 16 = 1.0
10 6 0 17 = 1.0
10 6 0 18 = 1.0
10 6 0 19 = 1.0
10 6 0 20 = 1.0
10 6 0 52 = 1.0
10 6 0 53 = 1.0
10 6 0 54 = 1.0
10 6 0 55 = 1.0
10 6 0 56 = 1.0
10 6 0 57 = 1.0
10 6 0 58 = 1.0
10 6 0 59 = 1.0
10 6 0 60 = 1.0
10 6 0 61 = 1.0
10 6 0 62 = 1.0
10 6 0 63 = 1.0
10 6 0 64 = 1.0
10 6 0 65 = 1.0
10 6 0 66 = 1.0
10 6 0 83 = 1.0
10 6 0 84 = 1.0
10 6 0 85 = 1.0
10 6 0 86 = 1.0
10 6 0 87 = 1.0
10 6 0 88 = 1.0
10 6 0 89 = 1.0
10 6 0 90 = 1.0
10 6 0 91 = 1.0
10 6 2 11 = 1.0
10 6 2 12 = 1.0
10 6 2 13 = 1.0
10 6 2 14 = 1.0
10 6 2 15 = 1.0
10 6 2 58 = 1.0
10 6 2 59 = 1.0
10 6 2 60 = 1.0
10 6 2 61 = 1.0
10 6 2 62 = 1.0
10 6 2 63 = 1.0
10 6 2 64 = 1.0
10 6 2 85 = 1.0
10 6 2 86 = 1.0
10 6 2 87 = 1.0
10 6 2 88 = 1.0
10 7 0 15 = 1.0
10 7 0 16 = 1.0
10 7 0 17 = 1.0
10 7 0 18 = 1.0
10 7 0 19 = 1.0
10 7 0 20 = 1.0
10 7 0 21 = 1.0
10 7 0 22 = 1.0
10 7 0 23 = 1.0
10 7 0 24 = 1.0
10 7 0 25 = 1.0
10 7 0 26 = 1.0
10 7 0 43 = 1.0
10 7 0 44 = 1.0
10 7 0 45 = 1.0
10 7 0 46 = 1.0
10 7 0 47 = 1.0
10 7 0 48 = 1.0
10 7 0 49 = 1.0
10 7 0 50 = 1.0
10 7 0 51 = 1.0
10 7 0 52 = 1.0
10 7 0 53 = 1.0
10 7 0 54 = 1.0
10 7 0 55 = 1.0
10 7 0 56 = 1.0
10 7 0 57 = 1.0
10 7 0 58 = 1.0
10 7 0 59 = 1.0
10 7 0 88 = 1.0
10 7 0 89 = 1.0
10 7 0 90 = 1.0
10 7 0 91 = 1.0
10 7 0 92 = 1.0
10 7 0 93 = 1.0
10 7 0 94 = 1.0
10 7 0 95 = 1.0
10 7 0 96 = 1.0
10 7 0 97 = 1.0
10 7 0 113 = 1.0
10 7 0 114 = 1.0
10 7 0 115 = 1.0
10 7 0 116 = 1.0
10 7 0 117 = 1.0
10 7 0 118 = 1.0
10 7 0 119 = 1.0
10 7 1 23 = 1.0
10 7 1 24 = 1.0
10 7 1 46 = 1.0
10 7 1 47 = 1.0
10 7 1 48 = 1.0
10 7 1 95 = 1.0
10 7 1 115 = 1.0
10 7 1 116 = 1.0
10 7 1 117 = 1.0
10 7 2 20 = 1.0
10 7 2 21 = 1.0
10 7 2 22 = 1.0
10 7 2 23 = 1.0
10 7 2 24 = 1.0
10 7 2 25 = 1.0
10 7 2 45 = 1.0
10 7 2 46 = 1.0
10 7 2 47 = 1.0
10 7 2 48 = 1.0
10 7 2 49 = 1.0
10 7 2 50 = 1.0
10 7 2 51 = 1.0
10 7 2 92 = 1.0
10 7 2 93 = 1.0
10 7 2 94 = 1.0
10 7 2 95 = 1.0
10 7 2 96 = 1.0
10 7 2 114 = 1.0
10 7 2 115 = 1.0
10 7 2 116 = 1.0
10 7 2 117 = 1.0
10 7 2 118 = 1.0
10 7 2 119 = 1.0
10 7 3 23 = 1.0
10 7 3 24 = 1.0
10 7 3 46 = 1.0
10 7 3 47 = 1.0
10 7 3 48 = 1.0
10 7 3 95 = 1.0
10 7 3 115 = 1.0
10 7 3 116 = 1.0
10 7 3 117 = 1.0
10 8 0 10 = 1.0
10 8 0 11 = 1.0
10 8 0 13 = 1.0
10 8 0 14 = 1.0
10 8 0 15 = 1.0
10 8 0 16 = 1.0
10 8 0 17 = 1.0
10 8 0 18 = 1.0
10 8 0 19 = 1.0
10 8 0 20 = 1.0
10 8 0 51 = 1.0
10 8 0 52 = 1.0
10 8 0 53 = 1.0
10 8 0 54 = 1.0
10 8 0 55 = 1.0
10 8 0 56 = 1.0
10 8 0 57 = 1.0
10 8 0 58 = 1.0
10 8 0 59 = 1.0
10 8 0 60 = 1.0
10 8 0 61 = 1.0
10 8 0 62 = 1.0
10 8 0 63 = 1.0
10 8 0 64 = 1.0
10 8 0 65 = 1.0
10 8 0 84 = 1.0
10 8 0 86 = 1.0
10 8 0 87 = 1.0
10 8 0 88 = 1.0
10 8 0 89 = 1.0
10 8 0 90 = 1.0
10 8 0 91 = 1.0
10 8 0 92 = 1.0
10 9 0 16 = 1.0
10 9 0 17 = 1.0
10 9 0 18 = 1.0
10 9 0 19 = 1.0
10 9 0 20 = 1.0
10 9 0 21 = 1.0
10 9 0 22 = 1.0
10 9 0 23 = 1.0
10 9 0 57 = 1.0
10 9 0 58 = 1.0
10 9 0 59 = 1.0
10 9 0 60 = 1.0
10 9 0 61 = 1.0
10 9 0 62 = 1.0
10 9 0 87 = 1.0
10 9 0 88 = 1.0
10 9 0 89 = 1.0
10 9 0 90 = 1.0
10 9 0 91 = 1.0
10 9 0 92 = 1.0
10 9 0 93 = 1.0
10 9 0 94 = 1.0
10 9 0 95 = 1.0
10 9 0 96 = 1.0
10 9 0 108 = 1.0
10 9 0 109 = 1.0
10 9 0 110 = 1.0
10 9 0 166 = 1.0
10 9 0 167 = 1.0
10 9 0 168 = 1.0
10 9 0 169 = 1.0
10 9 0 170 = 1.0
10 9 0 171 = 1.0
10 9 0 172 = 1.0
10 9 0 182 = 1.0
10 9 0 183 = 1.0
10 9 0 184 = 1.0
10 9 0 185 = 1.0
10 9 0 186 = 1.0
10 9 0 187 = 1.0
10 9 1 20 = 1.0
10 9 1 60 = 1.0
10 9 1 169 = 1.0
10 9 1 185 = 1.0
10 9 2 18 = 1.0
10 9 2 19 = 1.0
10 9 2 20 = 1.0
10 9 2 21 = 1.0
10 9 2 58 = 1.0
10 9 2 59 = 1.0
10 9 2 60 = 1.0
10 9 2 61 = 1.0
10 9 2 87 = 1.0
10 9 2 88 = 1.0
10 9 2 89 = 1.0
10 9 2 90 = 1.0
10 9 2 91 = 1.0
10 9 2 109 = 1.0
10 9 2 110 = 1.0
10 9 2 168 = 1.0
10 9 2 169 = 1.0
10 9 2 170 = 1.0
10 9 2 171 = 1.0
10 9 2 184 = 1.0
10 9 2 185 = 1.0
10 9 2 186 = 1.0
10 9 2 187 = 1.0
10 9 3 20 = 1.0
10 9 3 60 = 1.0
10 9 3 169 = 1.0
10 9 3 185 = 1.0
10 11 0 25 = 1.0
10 11 0 26 = 1.0
10 11 0 27 = 1.0
10 11 0 28 = 1.0
10 11 0 53 = 1.0
10 11 0 54 = 1.0
10 11 2 26 = 1.0
10 11 2 27 = 1.0
10 11 2 53 = 1.0
10 11 2 54 = 1.0
10 12 0 4 = 1.0
10 12 0 5 = 1.0
10 12 0 6 = 1.0
10 12 0 56 = 1.0
10 12 0 57 = 1.0
10 12 2 4 = 1.0
10 12 2 5 = 1.0
10 12 2 56 = 1.0
10 12 2 57 = 1.0
10 12 3 5 = 1.0
10 15 0 92 = 1.0
11 0 0 0 = 1.0
11 0 0 1 = 1.0
11 0 0 2 = 1.0
11 0 0 3 = 1.0
11 0 0 4 = 1.0
11 0 0 5 = 1.0
11 0 0 6 = 1.0
11 0 0 7 = 1.0
11 0 0 8 = 1.0
11 0 0 9 = 1.0
11 0 0 10 = 1.0
11 0 0 11 = 1.0
11 0 0 28 = 1.0
11 0 0 29 = 1.0
11 0 0 30 = 1.0
11 0 0 31 = 1.0
11 0 0 32 = 1.0
11 0 0 33 = 1.0
11 0 0 34 = 1.0
11 0 0 35 = 1.0
11 0 0 36 = 1.0
11 0 0 37 = 1.0
11 0 0 38 = 1.0
11 0 0 39 = 1.0
11 0 0 40 = 1.0
11 0 0 41 = 1.0
11 0 0 42 = 1.0
11 0 0 43 = 1.0
11 0 0 44 = 1.0
11 0 0 45 = 1.0
11 0 0 46 = 1.0
11 0 0 47 = 1.0
11 0 0 48 = 1.0
11 0 0 53 = 1.0
11 0 0 54 = 1.0
11 3 0 0 = 1.0
11 3 0 1 = 1.0
11 3 0 2 = 1.0
11 3 0 3 = 1.0
11 3 0 4 = 1.0
11 3 0 5 = 1.0
11 3 0 6 = 1.0
11 3 0 7 = 1.0
11 3 0 33 = 1.0
11 3 0 34 = 1.0
11 3 0 35 = 1.0
11 3 0 36 = 1.0
11 3 0 37 = 1.0
11 3 0 38 = 1.0
11 3 0 39 = 1.0
11 3 0 40 = 1.0
11 3 0 41 = 1.0
11 3 0 42 = 1.0
11 3 0 43 = 1.0
11 3 0 44 = 1.0
11 3 0 45 = 1.0
11 3 0 46 = 1.0
11 3 0 47 = 1.0
11 3 0 48 = 1.0
11 3 0 53 = 1.0
11 3 0 54 = 1.0
11 3 1 40 = 1.0
11 3 2 0 = 1.0
11 3 2 1 = 1.0
11 3 2 2 = 1.0
11 3 2 3 = 1.0
11 3 2 4 = 1.0
11 3 2 36 = 1.0
11 3 2 37 = 1.0
11 3 2 38 = 1.0
11 3 2 39 = 1.0
11 3 2 40 = 1.0
11 3 2 41 = 1.0
11 3 2 42 = 1.0
11 3 2 43 = 1.0
11 3 2 44 = 1.0
11 3 2 45 = 1.0
11 3 2 46 = 1.0
11 3 2 47 = 1.0
11 3 2 48 = 1.0
11 3 2 53 = 1.0
11 3 2 54 = 1.0
11 3 3 0 = 1.0
11 3 3 39 = 1.0
11 3 3 40 = 1.0
11 6 0 0 = 1.0
11 6 0 1 = 1.0
11 6 0 2 = 1.0
11 6 0 3 = 1.0
11 6 0 4 = 1.0
11 6 0 36 = 1.0
11 6 0 37 = 1.0
11 6 0 38 = 1.0
11 6 0 39 = 1.0
11 6 0 40 = 1.0
11 6 0 41 = 1.0
11 6 0 42 = 1.0
11 6 0 43 = 1.0
11 6 0 44 = 1.0
11 6 0 45 = 1.0
11 6 0 46 = 1.0
11 6 0 47 = 1.0
11 6 0 48 = 1.0
11 6 0 53 = 1.0
11 6 0 54 = 1.0
11 6 2 0 = 1.0
11 6 2 39 = 1.0
11 6 2 40 = 1.0
11 7 0 0 = 1.0
11 7 0 1 = 1.0
11 7 0 2 = 1.0
11 7 0 3 = 1.0
11 7 0 4 = 1.0
11 7 0 5 = 1.0
11 7 0 6 = 1.0
11 7 0 7 = 1.0
11 7 0 8 = 1.0
11 7 0 9 = 1.0
11 7 0 10 = 1.0
11 7 0 11 = 1.0
11 7 0 12 = 1.0
11 7 0 13 = 1.0
11 7 0 27 = 1.0
11 7 0 28 = 1.0
11 7 0 29 = 1.0
11 7 0 30 = 1.0
11 7 0 31 = 1.0
11 7 0 32 = 1.0
11 7 0 33 = 1.0
11 7 0 34 = 1.0
11 7 0 35 = 1.0
11 7 0 36 = 1.0
11 7 0 37 = 1.0
11 7 0 38 = 1.0
11 7 0 39 = 1.0
11 7 1 9 = 1.0
11 7 1 10 = 1.0
11 7 1 30 = 1.0
11 7 1 31 = 1.0
11 7 1 32 = 1.0
11 7 2 4 = 1.0
11 7 2 5 = 1.0
11 7 2 6 = 1.0
11 7 2 7 = 1.0
11 7 2 8 = 1.0
11 7 2 9 = 1.0
11 7 2 10 = 1.0
11 7 2 11 = 1.0
11 7 2 29 = 1.0
11 7 2 30 = 1.0
11 7 2 31 = 1.0
11 7 2 32 = 1.0
11 7 2 33 = 1.0
11 7 2 34 = 1.0
11 7 2 35 = 1.0
11 7 3 8 = 1.0
11 7 3 9 = 1.0
11 7 3 10 = 1.0
11 7 3 30 = 1.0
11 7 3 31 = 1.0
11 7 3 32 = 1.0
11 8 0 0 = 1.0
11 8 0 1 = 1.0
11 8 0 2 = 1.0
11 8 0 3 = 1.0
11 8 0 4 = 1.0
11 8 0 5 = 1.0
11 8 0 35 = 1.0
11 8 0 36 = 1.0
11 8 0 37 = 1.0
11 8 0 38 = 1.0
11 8 0 39 = 1.0
11 8 0 40 = 1.0
11 8 0 41 = 1.0
11 8 0 42 = 1.0
11 8 0 43 = 1.0
11 8 0 44 = 1.0
11 8 0 45 = 1.0
11 8 0 46 = 1.0
11 8 0 47 = 1.0
11 8 0 48 = 1.0
11 8 0 53 = 1.0
11 8 0 54 = 1.0
11 8 2 41 = 1.0
11 8 2 42 = 1.0
11 8 2 43 = 1.0
11 8 2 44 = 1.0
11 8 2 45 = 1.0
11 8 2 46 = 1.0
11 8 2 47 = 1.0
11 8 2 48 = 1.0
11 8 2 53 = 1.0
11 8 2 54 = 1.0
11 9 0 11 = 1.0
11 9 0 12 = 1.0
11 9 0 13 = 1.0
11 9 0 14 = 1.0
11 9 2 12 = 1.0
11 9 2 13 = 1.0
11 10 0 25 = 1.0
11 10 0 26 = 1.0
11 10 0 27 = 1.0
11 10 0 28 = 1.0
11 10 0 53 = 1.0
11 10 0 54 = 1.0
11 10 2 26 = 1.0
11 10 2 27 = 1.0
11 10 2 53 = 1.0
11 10 2 54 = 1.0
11 12 0 31 = 1.0
11 12 0 32 = 1.0
11 12 0 33 = 1.0
11 12 0 34 = 1.0
11 12 0 35 = 1.0
11 12 0 36 = 1.0
11 12 0 37 = 1.0
11 12 0 38 = 1.0
11 12 0 39 = 1.0
11 12 0 40 = 1.0
11 12 0 41 = 1.0
11 12 1 41 = 1.0
11 12 2 33 = 1.0
11 12 2 34 = 1.0
11 12 2 35 = 1.0
11 12 2 36 = 1.0
11 12 2 37 = 1.0
11 12 2 38 = 1.0
11 12 2 39 = 1.0
11 12 2 40 = 1.0
11 12 2 41 = 1.0
11 12 3 41 = 1.0
11 18 0 39 = 1.0
11 18 0 40 = 1.0
11 18 0 41 = 1.0
11 18 0 42 = 1.0
11 18 0 43 = 1.0
11 18 0 44 = 1.0
11 18 0 45 = 1.0
11 18 1 41 = 1.0
11 18 1 42 = 1.0
11 18 1 43 = 1.0
11 18 1 44 = 1.0
11 18 1 45 = 1.0
11 18 2 39 = 1.0
11 18 2 40 = 1.0
11 18 2 41 = 1.0
11 18 2 42 = 1.0
11 18 2 43 = 1.0
11 18 2 44 = 1.0
11 18 2 45 = 1.0
11 18 3 41 = 1.0
11 18 3 42 = 1.0
11 18 3 43 = 1.0
11 18 3 44 = 1.0
11 18 3 45 = 1.0
12 0 0 28 = 1.0
12 0 0 29 = 1.0
12 0 0 30 = 1.0
12 0 0 31 = 1.0
12 0 0 32 = 1.0
12 0 0 33 = 1.0
12 0 0 34 = 1.0
12 0 0 35 = 1.0
12 0 0 36 = 1.0
12 0 0 37 = 1.0
12 0 0 38 = 1.0
12 0 0 39 = 1.0
12 0 0 40 = 1.0
12 0 0 41 = 1.0
12 0 0 56 = 1.0
12 0 0 57 = 1.0
12 0 2 34 = 1.0
12 0 2 35 = 1.0
12 0 2 36 = 1.0
12 0 2 37 = 1.0
12 0 2 38 = 1.0
12 1 0 6 = 1.0
12 1 0 7 = 1.0
12 1 0 8 = 1.0
12 1 0 9 = 1.0
12 1 0 10 = 1.0
12 1 0 18 = 1.0
12 1 2 7 = 1.0
12 1 2 8 = 1.0
12 2 0 1 = 1.0
12 2 0 2 = 1.0
12 2 0 3 = 1.0
12 2 0 21 = 1.0
12 2 0 22 = 1.0
12 2 0 23 = 1.0
12 3 0 25 = 1.0
12 3 0 26 = 1.0
12 3 0 27 = 1.0
12 3 0 28 = 1.0
12 3 0 29 = 1.0
12 3 0 30 = 1.0
12 3 0 31 = 1.0
12 3 0 32 = 1.0
12 3 0 33 = 1.0
12 3 0 34 = 1.0
12 3 0 35 = 1.0
12 3 0 36 = 1.0
12 3 0 37 = 1.0
12 3 0 38 = 1.0
12 3 0 39 = 1.0
12 3 0 40 = 1.0
12 3 0 41 = 1.0
12 3 0 56 = 1.0
12 3 0 57 = 1.0
12 3 1 28 = 1.0
12 3 1 29 = 1.0
12 3 2 27 = 1.0
12 3 2 28 = 1.0
12 3 2 29 = 1.0
12 3 2 30 = 1.0
12 3 2 31 = 1.0
12 3 2 32 = 1.0
12 3 2 33 = 1.0
12 3 2 34 = 1.0
12 3 2 35 = 1.0
12 3 2 36 = 1.0
12 3 2 37 = 1.0
12 3 2 38 = 1.0
12 3 2 39 = 1.0
12 3 2 40 = 1.0
12 3 2 41 = 1.0
12 3 2 56 = 1.0
12 3 2 57 = 1.0
12 3 3 28 = 1.0
12 3 3 29 = 1.0
12 3 3 30 = 1.0
12 6 0 0 = 1.0
12 6 0 24 = 1.0
12 6 0 25 = 1.0
12 6 0 26 = 1.0
12 6 0 27 = 1.0
12 6 0 28 = 1.0
12 6 0 29 = 1.0
12 6 0 30 = 1.0
12 6 0 31 = 1.0
12 6 0 32 = 1.0
12 6 0 33 = 1.0
12 6 0 34 = 1.0
12 6 0 35 = 1.0
12 6 0 36 = 1.0
12 6 0 37 = 1.0
12 6 0 38 = 1.0
12 6 0 39 = 1.0
12 6 0 40 = 1.0
12 6 0 41 = 1.0
12 6 0 56 = 1.0
12 6 0 57 = 1.0
12 6 2 26 = 1.0
12 6 2 27 = 1.0
12 6 2 28 = 1.0
12 6 2 29 = 1.0
12 6 2 30 = 1.0
12 7 0 30 = 1.0
12 7 0 31 = 1.0
12 7 0 32 = 1.0
12 7 0 33 = 1.0
12 7 0 34 = 1.0
12 7 0 35 = 1.0
12 7 0 36 = 1.0
12 7 0 37 = 1.0
12 7 0 38 = 1.0
12 7 0 39 = 1.0
12 8 0 25 = 1.0
12 8 0 27 = 1.0
12 8 0 28 = 1.0
12 8 0 29 = 1.0
12 8 0 30 = 1.0
12 8 0 31 = 1.0
12 8 0 32 = 1.0
12 8 0 33 = 1.0
12 8 0 34 = 1.0
12 8 0 35 = 1.0
12 8 0 36 = 1.0
12 8 0 37 = 1.0
12 8 0 38 = 1.0
12 8 0 39 = 1.0
12 8 0 40 = 1.0
12 8 0 41 = 1.0
12 8 0 56 = 1.0
12 8 0 57 = 1.0
12 8 2 38 = 1.0
12 8 2 39 = 1.0
12 8 2 40 = 1.0
12 8 2 41 = 1.0
12 8 2 56 = 1.0
12 8 2 57 = 1.0
12 9 0 25 = 1.0
12 9 0 26 = 1.0
12 9 0 27 = 1.0
12 9 0 28 = 1.0
12 9 0 29 = 1.0
12 9 0 30 = 1.0
12 9 0 56 = 1.0
12 9 0 57 = 1.0
12 9 1 27 = 1.0
12 9 2 27 = 1.0
12 9 2 28 = 1.0
12 9 3 27 = 1.0
12 10 0 4 = 1.0
12 10 0 5 = 1.0
12 10 0 6 = 1.0
12 10 0 56 = 1.0
12 10 0 57 = 1.0
12 10 2 4 = 1.0
12 10 2 5 = 1.0
12 10 2 56 = 1.0
12 10 2 57 = 1.0
12 10 3 5 = 1.0
12 11 0 31 = 1.0
12 11 0 32 = 1.0
12 11 0 33 = 1.0
12 11 0 34 = 1.0
12 11 0 35 = 1.0
12 11 0 36 = 1.0
12 11 0 37 = 1.0
12 11 0 38 = 1.0
12 11 0 39 = 1.0
12 11 0 40 = 1.0
12 11 0 41 = 1.0
12 11 1 41 = 1.0
12 11 2 33 = 1.0
12 11 2 34 = 1.0
12 11 2 35 = 1.0
12 11 2 36 = 1.0
12 11 2 37 = 1.0
12 11 2 38 = 1.0
12 11 2 39 = 1.0
12 11 2 40 = 1.0
12 11 2 41 = 1.0
12 11 3 41 = 1.0
12 18 0 39 = 1.0
12 18 0 40 = 1.0
12 18 0 41 = 1.0
12 18 1 40 = 1.0
12 18 1 41 = 1.0
12 18 2 39 = 1.0
12 18 2 40 = 1.0
12 18 2 41 = 1.0
12 18 3 40 = 1.0
12 18 3 41 = 1.0
14 5 0 97 = 1.0
14 5 0 98 = 1.0
14 5 1 97 = 1.0
14 5 1 98 = 1.0
14 5 2 97 = 1.0
14 5 2 98 = 1.0
14 5 3 97 = 1.0
14 5 3 98 = 1.0
15 0 0 92 = 1.0
15 0 0 95 = 1.0
15 3 0 92 = 1.0
15 3 0 95 = 1.0
15 3 2 92 = 1.0
15 3 2 95 = 1.0
15 6 0 92 = 1.0
15 6 0 95 = 1.0
15 8 0 92 = 1.0
15 8 0 95 = 1.0
15 8 2 92 = 1.0
15 8 2 95 = 1.0
15 9 0 92 = 1.0
15 9 0 95 = 1.0
15 9 1 92 = 1.0
15 9 2 92 = 1.0
15 9 2 95 = 1.0
15 9 3 92 = 1.0
15 10 0 92 = 1.0
18 0 0 39 = 1.0
18 0 0 40 = 1.0
18 0 0 41 = 1.0
18 0 0 42 = 1.0
18 0 0 43 = 1.0
18 0 0 44 = 1.0
18 0 0 45 = 1.0
18 0 0 111 = 1.0
18 0 0 112 = 1.0
18 0 0 113 = 1.0
18 3 0 39 = 1.0
18 3 0 40 = 1.0
18 3 0 41 = 1.0
18 3 0 42 = 1.0
18 3 0 43 = 1.0
18 3 0 44 = 1.0
18 3 0 45 = 1.0
18 3 0 111 = 1.0
18 3 0 112 = 1.0
18 3 0 113 = 1.0
18 3 2 39 = 1.0
18 3 2 40 = 1.0
18 3 2 41 = 1.0
18 3 2 42 = 1.0
18 3 2 43 = 1.0
18 3 2 44 = 1.0
18 3 2 45 = 1.0
18 3 2 111 = 1.0
18 3 2 112 = 1.0
18 3 2 113 = 1.0
18 6 0 39 = 1.0
18 6 0 40 = 1.0
18 6 0 41 = 1.0
18 6 0 42 = 1.0
18 6 0 43 = 1.0
18 6 0 44 = 1.0
18 6 0 45 = 1.0
18 6 0 111 = 1.0
18 6 0 112 = 1.0
18 6 0 113 = 1.0
18 8 0 39 = 1.0
18 8 0 40 = 1.0
18 8 0 41 = 1.0
18 8 0 42 = 1.0
18 8 0 43 = 1.0
18 8 0 44 = 1.0
18 8 0 45 = 1.0
18 8 0 111 = 1.0
18 8 0 112 = 1.0
18 8 0 113 = 1.0
18 8 2 39 = 1.0
18 8 2 40 = 1.0
18 8 2 41 = 1.0
18 8 2 42 = 1.0
18 8 2 43 = 1.0
18 8 2 44 = 1.0
18 8 2 45 = 1.0
18 8 2 111 = 1.0
18 8 2 112 = 1.0
18 8 2 113 = 1.0
18 11 0 39 = 1.0
18 11 0 40 = 1.0
18 11 0 41 = 1.0
18 11 0 42 = 1.0
18 11 0 43 = 1.0
18 11 0 44 = 1.0
18 11 0 45 = 1.0
18 11 1 41 = 1.0
18 11 1 42 = 1.0
18 11 1 43 = 1.0
18 11 1 44 = 1.0
18 11 1 45 = 1.0
18 11 2 39 = 1.0
18 11 2 40 = 1.0
18 11 2 41 = 1.0
18 11 2 42 = 1.0
18 11 2 43 = 1.0
18 11 2 44 = 1.0
18 11 2 45 = 1.0
18 11 3 41 = 1.0
18 11 3 42 = 1.0
18 11 3 43 = 1.0
18 11 3 44 = 1.0
18 11 3 45 = 1.0
18 12 0 39 = 1.0
18 12 0 40 = 1.0
18 12 0 41 = 1.0
18 12 1 40 = 1.0
18 12 1 41 = 1.0
18 12 2 39 = 1.0
18 12 2 40 = 1.0
18 12 2 41 = 1.0
18 12 3 40 = 1.0
18 12 3 41 = 1.0
