ID	s	d	ts	te	LLC	size	curr node	packetID	copies	band usage
----------------------------------------------------
62	1	8	85	-1	-86	3600	1	0	-1	0	0	0	0
62	1	8	85	-1	-86	3600	1	1	-1	0	0	0	0
62	1	8	85	-1	-86	3600	1	2	-1	0	0	0	0
62	1	8	85	-1	-86	3600	1	3	-1	0	0	0	0
62	1	8	85	-1	-86	3600	1	4	-1	0	0	0	0
62	1	8	85	-1	-86	3600	1	5	-1	0	0	0	0
62	1	8	85	-1	-86	3600	1	6	-1	0	0	0	0
62	1	8	85	-1	-86	3600	1	7	-1	0	0	0	0
62	1	8	85	-1	-86	3600	1	8	-1	0	0	0	0
62	1	8	85	-1	-86	3600	1	9	-1	0	0	0	0
62	1	8	85	-1	-86	3600	1	10	-1	0	0	0	0
62	1	8	85	-1	-86	3600	1	11	-1	0	0	0	0
79	1	7	99	-1	-100	2400	1	0	-1	0	0	0	0
79	1	7	99	-1	-100	2400	1	1	-1	0	0	0	0
79	1	7	99	-1	-100	2400	1	2	-1	0	0	0	0
79	1	7	99	-1	-100	2400	1	3	-1	0	0	0	0
79	1	7	99	-1	-100	2400	1	4	-1	0	0	0	0
79	1	7	99	-1	-100	2400	1	5	-1	0	0	0	0
79	1	7	99	-1	-100	2400	1	6	-1	0	0	0	0
79	1	7	99	-1	-100	2400	1	7	-1	0	0	0	0
48	2	5	50	101	51	2400	3	0	-1	2	0	0	0
48	2	5	50	101	51	2400	3	1	-1	2	0	0	0
48	2	5	50	101	51	2400	3	2	-1	2	0	0	0
48	2	5	50	101	51	2400	3	3	-1	2	0	0	0
48	2	5	50	101	51	2400	3	4	-1	2	0	0	0
48	2	5	50	101	51	2400	3	5	-1	2	0	0	0
48	2	5	50	101	51	2400	3	6	-1	2	0	0	0
48	2	5	50	101	51	2400	3	7	-1	2	0	0	0
76	1	5	99	160	61	3600	3	0	-1	1	0	1	0
76	1	5	99	160	61	3600	3	1	-1	1	0	1	0
76	1	5	99	160	61	3600	3	2	-1	1	0	1	0
76	1	5	99	160	61	3600	3	3	-1	1	0	1	0
76	1	5	99	160	61	3600	3	4	-1	1	0	1	0
76	1	5	99	160	61	3600	3	5	-1	1	0	1	0
76	1	5	99	160	61	3600	3	6	-1	1	0	1	0
76	1	5	99	160	61	3600	3	7	-1	1	0	1	0
76	1	5	99	160	61	3600	3	8	-1	1	0	1	0
76	1	5	99	160	61	3600	3	9	-1	1	0	1	0
76	1	5	99	161	62	3600	3	10	-1	1	0	1	0
76	1	5	99	161	62	3600	3	11	-1	1	0	1	0
77	1	5	99	161	62	2400	3	0	-1	1	0	1	0
77	1	5	99	161	62	2400	3	1	-1	1	0	1	0
77	1	5	99	161	62	2400	3	2	-1	1	0	1	0
77	1	5	99	161	62	2400	3	3	-1	1	0	1	0
77	1	5	99	161	62	2400	3	4	-1	1	0	1	0
77	1	5	99	161	62	2400	3	5	-1	1	0	1	0
77	1	5	99	161	62	2400	3	6	-1	1	0	1	0
77	1	5	99	161	62	2400	3	7	-1	1	0	1	0
100	4	7	137	-1	-138	1200	4	0	-1	0	0	0	0
100	4	7	137	-1	-138	1200	4	1	-1	0	0	0	0
100	4	7	137	-1	-138	1200	4	2	-1	0	0	0	0
100	4	7	137	-1	-138	1200	4	3	-1	0	0	0	0
67	1	5	85	150	65	120	7	0	-1	4	0	0	0
63	4	8	85	106	21	1200	13	0	-1	1	0	0	0
63	4	8	85	106	21	1200	13	1	-1	1	0	0	0
63	4	8	85	106	21	1200	13	2	-1	1	0	0	0
63	4	8	85	107	22	1200	13	3	-1	1	0	0	0
65	4	8	85	107	22	2400	13	0	-1	1	0	0	0
65	4	8	85	107	22	2400	13	1	-1	1	0	0	0
65	4	8	85	107	22	2400	13	2	-1	1	0	0	0
65	4	8	85	107	22	2400	13	3	-1	1	0	0	0
65	4	8	85	107	22	2400	13	4	-1	1	0	0	0
65	4	8	85	107	22	2400	13	5	-1	1	0	0	0
65	4	8	85	107	22	2400	13	6	-1	1	0	0	0
65	4	8	85	107	22	2400	13	7	-1	1	0	0	0
68	4	6	85	107	22	120	13	0	-1	1	0	0	0
71	4	6	85	108	23	1200	13	0	-1	1	0	0	0
71	4	6	85	108	23	1200	13	1	-1	1	0	0	0
71	4	6	85	108	23	1200	13	2	-1	1	0	0	0
71	4	6	85	108	23	1200	13	3	-1	1	0	0	0
78	4	6	99	108	9	3600	13	0	-1	1	0	0	0
78	4	6	99	108	9	3600	13	1	-1	1	0	0	0
78	4	6	99	118	19	3600	13	2	-1	1	0	0	0
78	4	6	99	118	19	3600	13	3	-1	1	0	0	0
78	4	6	99	118	19	3600	13	4	-1	1	0	0	0
78	4	6	99	118	19	3600	13	5	-1	1	0	0	0
78	4	6	99	118	19	3600	13	6	-1	1	0	0	0
78	4	6	99	118	19	3600	13	7	-1	1	0	0	0
78	4	6	99	118	19	3600	13	8	-1	1	0	0	0
78	4	6	99	118	19	3600	13	9	-1	1	0	0	0
78	4	6	99	118	19	3600	13	10	-1	1	0	0	0
78	4	6	99	118	19	3600	13	11	-1	1	0	0	0
82	4	8	99	119	20	120	13	0	-1	1	0	0	0
16	4	5	22	108	86	2400	14	0	-1	3	0	0	0
16	4	5	22	108	86	2400	14	1	-1	3	0	0	0
16	4	5	22	108	86	2400	14	2	-1	3	0	0	0
16	4	5	22	108	86	2400	14	3	-1	3	0	0	0
16	4	5	22	108	86	2400	14	4	-1	3	0	0	0
16	4	5	22	108	86	2400	14	5	-1	3	0	0	0
16	4	5	22	108	86	2400	14	6	-1	3	0	0	0
16	4	5	22	108	86	2400	14	7	-1	3	0	0	0
24	4	5	22	108	86	120	14	0	-1	3	0	0	0
85	3	5	99	108	9	2400	14	0	-1	2	0	1	0
85	3	5	99	109	10	2400	14	1	-1	2	0	1	0
85	3	5	99	109	10	2400	14	2	-1	2	0	1	0
85	3	5	99	109	10	2400	14	3	-1	2	0	1	0
85	3	5	99	109	10	2400	14	4	-1	2	0	1	0
85	3	5	99	109	10	2400	14	5	-1	2	0	1	0
85	3	5	99	109	10	2400	14	6	-1	2	0	1	0
85	3	5	99	109	10	2400	14	7	-1	2	0	1	0
41	3	5	38	109	71	2400	14	0	-1	1	0	1	0
41	3	5	38	109	71	2400	14	1	-1	1	0	1	0
41	3	5	38	109	71	2400	14	2	-1	1	0	1	0
41	3	5	38	109	71	2400	14	3	-1	1	0	1	0
41	3	5	38	110	72	2400	14	4	-1	1	0	1	0
41	3	5	38	110	72	2400	14	5	-1	1	0	1	0
41	3	5	38	110	72	2400	14	6	-1	1	0	1	0
41	3	5	38	110	72	2400	14	7	-1	1	0	1	0
11	1	5	12	115	103	120	14	0	-1	3	0	0	0
94	0	5	118	119	1	2400	14	0	-1	1	0	0	0
94	0	5	118	119	1	2400	14	1	-1	1	0	0	0
94	0	5	118	119	1	2400	14	2	-1	1	0	0	0
94	0	5	118	119	1	2400	14	3	-1	1	0	0	0
94	0	5	118	119	1	2400	14	4	-1	1	0	0	0
6	2	5	0	119	119	2400	14	0	-1	2	0	1	0
6	2	5	0	119	119	2400	14	1	-1	2	0	1	0
6	2	5	0	119	119	2400	14	2	-1	2	0	1	0
6	2	5	0	119	119	2400	14	3	-1	2	0	1	0
6	2	5	0	119	119	2400	14	4	-1	2	0	1	0
6	2	5	0	119	119	2400	14	5	-1	2	0	1	0
6	2	5	0	119	119	2400	14	6	-1	2	0	1	0
6	2	5	0	119	119	2400	14	7	-1	2	0	1	0
94	0	5	118	120	2	2400	14	5	-1	1	0	0	0
94	0	5	118	120	2	2400	14	6	-1	1	0	0	0
94	0	5	118	120	2	2400	14	7	-1	1	0	0	0
97	0	5	118	120	2	120	14	0	-1	1	0	0	0
8	1	5	0	120	120	2400	14	0	-1	2	0	1	0
8	1	5	0	120	120	2400	14	1	-1	2	0	1	0
8	1	5	0	120	120	2400	14	2	-1	2	0	1	0
8	1	5	0	120	120	2400	14	3	-1	2	0	1	0
8	1	5	0	120	120	2400	14	4	-1	2	0	1	0
8	1	5	0	120	120	2400	14	5	-1	2	0	1	0
8	1	5	0	120	120	2400	14	6	-1	2	0	1	0
8	1	5	0	120	120	2400	14	7	-1	2	0	1	0
25	2	5	22	120	98	1200	14	0	-1	2	0	1	0
25	2	5	22	120	98	1200	14	1	-1	2	0	1	0
25	2	5	22	120	98	1200	14	2	-1	2	0	1	0
25	2	5	22	120	98	1200	14	3	-1	2	0	1	0
13	3	5	12	121	109	1200	14	0	-1	2	0	1	0
13	3	5	12	121	109	1200	14	1	-1	2	0	1	0
13	3	5	12	121	109	1200	14	2	-1	2	0	1	0
13	3	5	12	121	109	1200	14	3	-1	2	0	1	0
73	2	5	85	146	61	3600	17	0	-1	2	0	1	0
73	2	5	85	146	61	3600	17	1	-1	2	0	1	0
73	2	5	85	146	61	3600	17	2	-1	2	0	1	0
73	2	5	85	146	61	3600	17	3	-1	2	0	1	0
73	2	5	85	147	62	3600	17	4	-1	2	0	1	0
73	2	5	85	147	62	3600	17	5	-1	2	0	1	0
73	2	5	85	147	62	3600	17	6	-1	2	0	1	0
73	2	5	85	147	62	3600	17	7	-1	2	0	1	0
73	2	5	85	147	62	3600	17	8	-1	2	0	1	0
73	2	5	85	147	62	3600	17	9	-1	2	0	1	0
73	2	5	85	147	62	3600	17	10	-1	2	0	1	0
73	2	5	85	147	62	3600	17	11	-1	2	0	1	0
54	1	5	70	149	79	2400	17	0	-1	1	0	2	0
54	1	5	70	149	79	2400	17	1	-1	1	0	2	0
54	1	5	70	149	79	2400	17	2	-1	1	0	2	0
54	1	5	70	149	79	2400	17	3	-1	1	0	2	0
54	1	5	70	149	79	2400	17	4	-1	1	0	2	0
54	1	5	70	149	79	2400	17	5	-1	1	0	2	0
54	1	5	70	149	79	2400	17	6	-1	1	0	2	0
54	1	5	70	149	79	2400	17	7	-1	1	0	2	0
