T	Packet per tau	Transmissions per tau
0	10	0
1	13	1
2	13	1
3	13	1
4	13	1
5	13	1
6	23	1
7	42	3
8	42	3
9	42	3
10	58	5
11	58	5
12	76	7
13	84	9
14	84	9
15	84	9
16	84	9
17	84	9
18	84	9
19	84	9
20	84	9
21	84	9
22	136	11
23	136	11
24	136	11
25	140	12
26	140	12
27	150	12
28	154	13
29	178	15
30	178	15
31	178	15
32	178	15
33	178	15
34	178	15
35	178	15
36	178	15
37	178	15
38	202	16
39	210	17
40	210	17
41	210	17
42	219	18
43	231	19
44	231	19
45	251	20
46	257	22
47	257	22
48	277	22
49	297	22
50	314	25
51	314	25
52	323	25
53	331	25
54	331	25
55	335	26
56	351	28
57	351	28
58	351	28
59	351	28
60	351	28
61	351	28
62	351	28
63	351	28
64	367	30
65	367	30
66	367	30
67	377	30
68	383	30
69	393	30
70	440	31
71	458	32
72	473	32
73	485	32
74	485	32
75	505	33
76	505	33
77	508	35
78	508	35
79	508	35
80	508	35
81	516	35
82	520	35
83	520	35
84	520	35
85	536	36
86	551	37
87	586	37
88	609	38
89	609	38
90	617	39
91	636	40
92	643	42
93	644	43
94	644	43
95	644	43
96	644	43
97	654	43
98	657	43
99	693	44
100	707	45
101	717	46
102	717	46
103	722	46
104	775	48
105	785	48
106	796	49
107	816	49
108	827	50
109	831	51
110	831	51
111	831	51
112	831	51
113	831	51
114	832	51
115	832	51
116	838	51
117	858	53
118	923	55
119	974	58
120	1000	61
121	1008	62
122	1016	63
123	1017	64
124	1029	64
125	1063	66
126	1086	68
127	1094	68
128	1095	69
129	1095	69
130	1096	69
131	1116	69
132	1116	69
133	1116	69
134	1116	69
135	1116	69
136	1116	69
137	1124	71
138	1124	71
139	1124	71
140	1124	71
141	1126	73
142	1126	73
143	1126	73
144	1138	73
145	1176	74
146	1196	75
147	1209	76
148	1252	78
149	1261	81
150	1263	82
151	1263	82
152	1263	82
153	1263	82
154	1263	82
155	1263	82
156	1263	82
157	1271	83
158	1271	83
159	1281	83
160	1291	84
161	1291	84
162	1291	84
163	1299	85
164	1299	85
165	1299	85
166	1299	85
167	1299	85
168	1299	85
169	1309	85
170	1312	86
171	1325	87
172	1325	87
173	1325	87
174	1325	87
175	1335	87
176	1345	87
177	1346	88
178	1346	88
179	1346	88
