8602.607	5346.586	1	0
5495.624	7146.943	2	2
11399.694	5814.605	2	1
9670.254	7692.232	3	0
8614.922	3143.258	0	3
8603.273	5047.471	1	0
5221.355	6920.883	3	2
7549.8	8789.725	2	3
5078.61	6821.509	0	3
9726.791	7631.097	3	3
11253.293	5954.044	3	0
10426.875	6850.986	1	3
7366.443	9604.718	3	2
8567.459	3612.723	0	2
8622.757	5180.46	1	1
8734.142	8286.791	0	3
8563.16	4701.766	0	0
7540.53	8766.608	0	0
7418.389	9004.354	1	2
9689.413	7672.895	1	3
9960.506	7365.997	1	1
4880.372	6691.322	1	3
7098.381	8461.144	3	0
9670.254	7692.232	1	0
11224.658	6010.086	0	0
4199.441	6063.015	1	1
9657.375	7703.351	3	3
9721.487	7656.994	2	2
10559.219	6707.5	3	2
7189.653	8548.221	1	1
8547.502	4494.91	1	0
9726.791	7631.097	3	0
10012.254	7306.73	2	1
11363.747	5836.066	3	3
9726.791	7631.097	3	3
8585.9	3392.257	3	1
5553.309	7197.759	2	3
6600.879	8022.914	3	1
8562.49	4672.411	0	3
9792.814	7555.139	3	3
8602.607	5346.586	1	1
10103.996	7204.875	0	0
8732.788	8291.472	2	1
5288.916	6971.7	0	1
10909.573	6327.325	3	0
9689.413	7672.895	1	2
6935.007	8292.184	3	3
11729.988	5426.09	1	2
8602.607	5346.586	3	1
7341.696	9558.561	1	1
7548.929	8794.574	3	3
7057.109	8398.442	0	0
6889.962	8256.223	3	0
8602.607	5346.586	2	3
9731.949	7646.119	2	3
9943.018	7413.477	2	2
10421.209	6857.135	3	2
9670.254	7692.232	1	0
8652.137	5563.972	0	0
7341.696	9558.561	1	1
7358.133	9169.879	0	3
11729.988	5426.09	1	3
7329.869	9245.291	1	3
8632.783	2992.7	2	0
8643.844	5404.818	2	1
4287.169	6153.194	0	0
7371.495	9131.672	3	3
9960.506	7365.997	1	0
8614.922	3143.258	1	2
8815.758	8008.036	1	3
11505.271	5679.17	1	3
8638.983	5328.572	2	0
9670.254	7692.232	0	2
4443.972	6311.646	1	1
9732.185	7624.658	1	3
9933.317	7396.242	1	0
7317.556	9324.228	3	0
9657.375	7703.351	3	0
10426.875	6850.986	1	2
11505.271	5679.17	2	0
8554.908	4968.078	2	2
8642.521	5379.499	3	0
4880.372	6691.322	1	1
8652.579	5890.662	2	3
10385.001	6896.443	2	2
7341.696	9558.561	1	0
7035.937	8374.424	1	0
8614.922	3143.258	0	3
11345.482	5873.561	2	3
8614.922	3143.258	3	3
8632.783	2992.7	1	1
5127.439	6854.456	1	1
11280.723	5945.982	1	3
5157.882	6874.404	3	3
7473.568	8887.054	3	0
8567.459	3612.723	1	0
10944.893	6313.982	3	3
8608.564	3197.91	3	1
8662.588	6033.993	2	3
9657.375	7703.351	0	1
8657.874	5854.302	1	0
5483.474	7136.279	1	3
4678.948	6545.489	2	1
5218.046	6918.382	0	0
8614.922	3143.258	0	1
7549.8	8789.725	2	1
8643.844	5404.818	1	1
11729.988	5426.09	0	3
9844.209	7496.428	2	0
8575.093	3518.697	3	3
8589.34	5217.155	3	0
7480.062	8719.573	0	1
5089.501	6828.97	1	0
8719.697	8339.453	2	0
8655.955	6011.309	1	0
8549.101	4322.925	0	0
9732.185	7624.658	3	2
8632.783	2992.7	0	1
7552.693	8776.949	1	1
8602.607	5346.586	2	2
8602.607	5346.586	1	2
8655.955	6011.309	3	1
7321.449	9464.934	3	3
11371.706	5845.406	3	0
8554.908	4968.078	3	3
7451.6	8922.036	1	3
7320.09	9447.555	0	3
10448.812	6854.734	0	3
8861.609	7891.949	3	2
8732.788	8291.472	1	2
7510.461	8839.952	1	2
5221.355	6920.883	1	1
9657.375	7703.351	2	3
10437.357	6839.611	1	0
9844.209	7496.428	2	1
8643.844	5404.818	3	2
10166.272	7133.043	0	2
5089.501	6828.97	1	3
5089.501	6828.97	3	0
10437.357	6839.611	2	1
8631.967	5253.182	2	1
5078.61	6821.509	0	1
8563.16	4701.766	0	0
8584.789	4962.741	0	1
8602.607	5346.586	1	0
11496.559	5706.968	1	2
5508.64	7158.407	1	0
9657.375	7703.351	1	1
7401.726	9050.945	2	3
7318.54	9300.766	1	0
9657.375	7703.351	1	2
8614.922	3143.258	3	1
4580.284	6447.527	2	1
5577.731	7220.665	2	3
8602.607	5346.586	2	3
8652.579	5890.662	2	2
7366.443	9604.718	3	2
7085.097	8440.251	2	1
8571.276	3565.688	2	0
7460.959	8905.88	2	1
8589.34	5217.155	2	0
4920.543	6717.997	3	3
7338.251	9223.408	0	2
9833.51	7508.437	0	2
8589.34	5217.155	1	1
11253.293	5954.044	3	1
5146.009	6866.442	1	3
9670.254	7692.232	1	3
8655.955	6011.309	1	1
11368.134	5831.396	1	1
11475.526	5712.973	1	0
8602.607	5346.586	0	1
5508.64	7158.407	3	0
9738.57	7639.236	1	2
8589.34	5217.155	3	3
8559.425	3761.024	3	0
11505.271	5679.17	0	1
8646.389	5944.814	3	2
7327.379	9501.829	2	0
11505.271	5679.17	1	1
8757.77	8204.951	1	0
11729.988	5426.09	3	2
7317.062	9357.476	2	1
8563.16	4701.766	3	1
11399.694	5814.605	3	1
4320.543	6187.497	0	2
7383.84	9094.978	0	0
11505.271	5679.17	2	3
5136.807	6860.449	0	0
8646.895	5964.051	2	1
8632.783	2992.7	1	1
11729.988	5426.09	2	1
7074.776	8425.128	2	2
11729.988	5426.09	0	3
11224.658	6010.086	0	2
7443.266	8938.615	1	3
5157.882	6874.404	1	3
8732.788	8291.472	2	2
7341.696	9558.561	2	3
6942.472	8298.144	1	2
8551.698	4937.833	0	3
8565.136	4380.802	1	2
8815.758	8008.036	3	0
9657.375	7703.351	0	0
8567.614	4882.569	2	1
7318.999	9414.029	3	3
7147.19	8516.608	0	0
9726.791	7631.097	0	1
5411.763	7073.332	2	2
5116.555	6847.495	2	1
11326.111	5875.762	0	1
8655.955	6011.309	2	1
8614.922	3143.258	2	1
9839.527	7530.12	2	2
8563.16	4701.766	3	2
8701.842	8403.368	2	3
9792.814	7555.139	3	1
9726.791	7631.097	0	1
8655.955	6011.309	1	0
8582.462	3427.917	1	0
11271.792	5956.123	0	1
4048.982	5917.549	1	2
5495.624	7146.943	0	3
7341.696	9558.561	2	0
8584.414	3404.978	1	0
5609.83	7247.496	3	3
8614.922	3143.258	1	2
8614.922	3143.258	1	0
8569.873	3582.912	2	0
8861.609	7891.949	0	2
5127.439	6854.456	1	2
8593.51	5000.547	0	1
8625.166	3044.339	0	2
10932.908	6302.417	3	1
9657.375	7703.351	2	2
8551.288	4159.357	3	1
9960.506	7365.997	0	2
5157.882	6874.404	0	0
5157.882	6874.404	1	3
8642.521	5379.499	3	1
9657.375	7703.351	0	0
8614.922	3143.258	1	2
6889.962	8256.223	1	0
9833.51	7508.437	2	0
6845.924	8220.118	3	0
7523.277	8826.042	1	3
7135.568	8507.635	1	3
8593.51	5000.547	2	0
10275.643	7015.177	3	1
7413.938	8680.977	3	2
8551.288	4159.357	0	1
9726.791	7631.097	2	1
11729.988	5426.09	3	1
10166.272	7133.043	1	1
8638.983	5328.572	2	2
5116.555	6847.495	3	0
8614.922	3143.258	3	1
7098.381	8461.144	3	1
8672.658	8506.412	1	2
11339.596	5879.877	3	3
8584.789	4962.741	3	2
8675.379	8500.296	3	1
11253.293	5954.044	1	1
8562.49	4672.411	0	0
4580.284	6447.527	2	3
5288.916	6971.7	0	3
7366.443	9604.718	1	0
8602.607	5346.586	1	1
8589.34	5217.155	2	0
7320.09	9447.555	3	1
8655.955	6011.309	2	2
9726.791	7631.097	1	1
8614.922	3143.258	1	3
11505.271	5679.17	1	3
5241.036	6935.683	0	2
7317.622	9386.987	1	0
11031.161	6195.448	2	1
8734.142	8286.791	1	0
8622.757	5180.46	1	2
8655.955	6011.309	1	3
7351.082	9579.109	1	0
6973.681	8322.651	3	3
11505.271	5679.17	1	1
11270.997	5935.552	1	2
5508.64	7158.407	3	3
4839.088	6663.912	0	2
8614.922	3143.258	0	0
8655.955	6011.309	3	2
10932.908	6302.417	3	3
5022.958	6786.004	2	2
11270.997	5935.552	3	3
9670.254	7692.232	2	1
8562.391	3681.886	1	1
7035.937	8374.424	1	0
7510.331	8743.113	0	3
4617.754	6484.777	2	3
7317.622	9386.987	0	3
8563.16	4701.766	2	2
5411.763	7073.332	0	2
9657.375	7703.351	0	1
5495.624	7146.943	2	1
8638.983	5328.572	2	0
8555.991	3852.682	3	1
8622.757	5180.46	1	2
8602.607	5346.586	0	0
7371.495	9131.672	3	2
7473.568	8887.054	2	0
8563.16	4701.766	3	2
8651.592	5994.852	2	0
7523.277	8826.042	3	2
10909.573	6327.325	1	0
8652.994	5887.794	2	1
8651.592	5994.852	1	0
8655.955	6011.309	0	2
9726.791	7631.097	0	1
7331.949	9521.766	2	1
8589.34	5217.155	2	2
11260.96	5946.16	0	1
8565.136	4380.802	3	0
4656.361	6523.584	3	0
7035.937	8374.424	0	0
8569.359	3589.283	1	3
10187.638	7137.825	1	0
5002.339	6772.316	0	0
8602.607	5346.586	1	3
9670.254	7692.232	1	2
8625.166	3044.339	0	3
9670.254	7692.232	3	2
9670.254	7692.232	3	2
8554.908	4968.078	3	0
5241.036	6935.683	3	1
8585.9	3392.257	2	0
9960.506	7365.997	0	2
11505.271	5679.17	2	2
9844.209	7496.428	1	2
7486.439	8870.308	2	1
5318.559	6993.994	0	1
6714.306	8113.527	0	0
5127.439	6854.456	0	0
8646.389	5944.814	1	0
4880.372	6691.322	3	3
9657.375	7703.351	1	0
10103.996	7204.875	0	3
8563.16	4701.766	2	3
11505.271	5679.17	3	1
8563.16	4701.766	2	2
8655.955	6011.309	3	3
8564.31	4858.551	1	2
9858.383	7509.105	2	0
8651.592	5994.852	1	3
8589.34	5217.155	0	2
8655.955	6011.309	3	0
8631.967	5253.182	3	0
7415.58	9012.071	1	0
7480.062	8719.573	3	0
9910.654	7450.394	0	3
9731.949	7646.119	1	0
5089.501	6828.97	2	2
7351.082	9579.109	0	3
8614.922	3143.258	1	2
8655.955	6011.309	2	3
11326.111	5875.762	1	2
8589.34	5217.155	2	3
8569.359	3589.283	1	1
5609.83	7247.496	3	1
10437.357	6839.611	0	3
5508.64	7158.407	0	2
8632.783	2992.7	0	0
8548.558	4381.725	3	3
6600.879	8022.914	3	3
11496.559	5706.968	3	3
8564.522	4448.331	0	2
5078.61	6821.509	0	1
9844.209	7496.428	2	1
11505.271	5679.17	3	0
7318.54	9300.766	2	3
7335.882	9539.546	0	3
5089.501	6828.97	0	3
10288.766	7027.742	3	1
5221.355	6920.883	3	2
11729.988	5426.09	0	3
8589.34	5217.155	2	0
8599.151	5300.773	3	1
7552.693	8776.949	0	0
8589.34	5217.155	2	0
11260.96	5946.16	0	2
8564.522	4448.331	1	3
11008.44	6219.799	3	0
8657.874	5854.302	3	2
5402.747	7065.214	1	1
8571.276	3565.688	1	3
11475.526	5712.973	3	1
8803.29	8045.731	3	3
10166.272	7133.043	2	3
5508.64	7158.407	1	3
11399.694	5814.605	2	0
9806.639	7566.815	0	0
7358.133	9169.879	0	2
4880.372	6691.322	1	0
9943.018	7413.477	2	3
7397.964	8671.648	3	1
8818.385	8000.664	3	1
11505.271	5679.17	3	2
8614.922	3143.258	3	1
7510.461	8839.952	3	0
8652.137	5563.972	0	2
6889.962	8256.223	0	2
8589.34	5217.155	2	2
7543.164	8768.854	0	3
9721.487	7656.994	0	0
8565.136	4380.802	1	0
8603.273	5047.471	3	2
8563.16	4701.766	2	2
8555.991	3852.682	2	0
7171.274	8535.211	2	2
4722.609	6583.918	2	1
7318.999	9414.029	1	3
11505.271	5679.17	1	2
8602.607	5346.586	2	1
7323.632	9481.08	2	1
11031.161	6195.448	3	3
9726.791	7631.097	3	1
7318.54	9300.766	3	1
10034.497	7309.843	1	0
10944.893	6313.982	3	3
7540.53	8766.608	2	0
8614.922	3143.258	3	3
9943.018	7413.477	1	0
8652.994	5887.794	3	2
8638.983	5328.572	2	3
8768.477	8167.879	1	3
8677.744	8491.667	0	1
10187.638	7137.825	3	2
8632.783	2992.7	1	1
7171.274	8535.211	0	0
7473.568	8887.054	1	3
7062.97	8406.448	2	2
7021.587	8360.524	1	0
8612.624	5111.275	3	0
9670.254	7692.232	1	2
7317.062	9357.476	3	2
8567.614	4882.569	2	1
9670.254	7692.232	2	3
9657.375	7703.351	1	2
8563.16	4701.766	1	3
10166.272	7133.043	1	3
4320.543	6187.497	2	3
5609.83	7247.496	1	3
10032.339	7284.491	1	1
8643.844	5404.818	2	2
11253.293	5954.044	2	3
9933.317	7396.242	0	3
10826.993	6441.633	1	3
8564.522	4448.331	1	3
8563.16	4701.766	2	1
8565.873	4871.895	2	3
7430.902	8966.314	2	0
11729.988	5426.09	0	1
11729.988	5426.09	0	2
7318.54	9300.766	1	2
4370.272	6237.713	2	1
7428.922	8689.717	1	2
10426.875	6850.986	3	2
8632.783	2992.7	3	2
7383.84	9094.978	0	2
10012.254	7306.73	2	1
5218.046	6918.382	2	0
5146.009	6866.442	0	1
4320.543	6187.497	0	3
10117.119	7216.773	1	1
8563.16	4701.766	2	0
5276.948	6962.693	2	0
8632.783	2992.7	2	0
11660.137	5507.818	1	3
11253.293	5954.044	0	2
5577.731	7220.665	2	3
7430.902	8966.314	2	2
9933.317	7396.242	0	2
7318.999	9414.029	0	3
8642.521	5379.499	2	3
7451.6	8922.036	3	1
8563.16	4701.766	2	3
5637.254	7272.037	0	3
8675.379	8500.296	0	0
11668.623	5516.047	3	3
5136.807	6860.449	1	2
7486.439	8870.308	1	1
8614.922	3143.258	1	0
8652.994	5887.794	0	1
7376.949	9114.326	2	2
8562.49	4672.411	1	0
11729.988	5426.09	2	3
10429.656	6847.973	0	0
11729.988	5426.09	2	3
11660.137	5507.818	3	1
8612.624	5111.275	0	3
11484.713	5720.645	1	2
7415.58	9012.071	1	0
5577.731	7220.665	1	2
7486.439	8870.308	3	1
