4839.088	6663.912	0	1
9670.254	7692.232	1	2
8548.756	4902.473	2	0
10450.68	6852.688	2	0
8593.51	5000.547	2	3
7473.568	8887.054	1	1
11729.988	5426.09	2	3
11496.559	5706.968	2	0
11271.792	5956.123	0	0
9657.375	7703.351	0	1
8651.592	5994.852	0	3
4320.543	6187.497	2	1
9726.791	7631.097	0	3
7338.251	9223.408	1	3
9726.791	7631.097	0	2
8687.731	8455.129	0	1
8652.137	5563.972	1	3
8584.414	3404.978	2	1
5068.838	6815.137	0	2
7335.882	9539.546	0	3
6845.924	8220.118	1	0
8614.922	3143.258	2	3
8582.462	3427.917	0	3
9670.254	7692.232	0	0
8589.34	5217.155	0	1
8662.194	5745.553	1	2
8652.994	5887.794	1	2
8655.955	6011.309	1	2
8632.783	2992.7	1	3
8589.34	5217.155	1	3
8651.592	5994.852	0	1
8548.784	4290.79	2	2
10944.893	6313.982	1	3
8632.783	2992.7	2	3
8551.288	4159.357	0	2
9726.791	7631.097	0	1
5577.731	7220.665	0	1
7321.449	9464.934	2	1
7510.461	8839.952	1	2
10426.875	6850.986	0	0
7428.922	8689.717	0	3
8547.13	4866.446	2	3
8655.955	6011.309	2	1
10504.617	6792.854	1	3
8666.964	8515.519	2	2
5422.399	7082.661	0	2
11701.908	5458.003	0	1
10426.875	6850.986	2	3
4678.948	6545.489	1	2
6816.537	8195.177	2	2
7552.693	8776.949	0	2
9726.791	7631.097	2	2
7510.461	8839.952	1	0
9726.791	7631.097	1	1
11729.988	5426.09	0	0
8551.698	4937.833	1	0
8562.497	4749.802	2	3
4287.169	6153.194	2	0
8563.16	4701.766	0	3
8563.16	4701.766	2	0
8714.44	8358.512	0	0
6889.962	8256.223	0	1
9858.383	7509.105	1	2
8652.579	5890.662	0	3
7105.037	8471.608	1	2
7317.622	9386.987	0	3
11701.908	5458.003	0	2
6845.924	8220.118	0	0
11345.482	5873.561	0	0
5318.559	6993.994	0	2
5349.087	7016.956	2	0
8585.9	3392.257	0	0
6935.007	8292.184	2	1
8569.873	3582.912	1	2
7341.696	9558.561	0	2
8555.704	3875.81	1	0
7171.274	8535.211	1	2
5422.399	7082.661	1	0
7322.605	9270.143	0	3
9726.791	7631.097	2	1
8567.459	3612.723	1	1
10166.272	7133.043	0	2
8564.106	4494.299	2	1
10012.254	7306.73	0	3
11008.44	6219.799	0	3
11260.96	5946.16	2	0
4814.431	6647.344	1	2
11729.988	5426.09	2	1
9960.506	7365.997	2	3
8564.31	4858.551	0	0
11729.988	5426.09	0	2
11008.44	6219.799	0	2
11363.747	5836.066	0	2
7135.568	8507.635	0	0
7189.653	8548.221	0	3
7098.381	8461.144	1	3
7443.266	8938.615	2	3
4887.744	6696.214	2	2
4890.388	6697.971	1	0
7510.461	8839.952	2	1
11660.137	5507.818	0	2
10450.68	6852.688	1	2
9657.375	7703.351	2	0
8632.783	2992.7	0	2
4580.284	6447.527	1	3
8603.273	5047.471	1	0
8589.34	5217.155	2	3
8584.414	3404.978	1	0
6845.924	8220.118	0	1
9657.375	7703.351	1	0
11729.988	5426.09	1	0
9974.33	7377.672	0	1
10572.518	6718.953	0	0
5609.83	7247.496	1	0
7383.84	9094.978	1	0
7317.622	9386.987	2	3
11729.988	5426.09	1	3
5002.339	6772.316	1	2
11260.96	5946.16	1	0
5483.474	7136.279	2	0
8638.983	5328.572	0	0
11505.271	5679.17	1	2
8589.34	5217.155	1	1
7415.58	9012.071	0	2
8655.955	6011.309	1	2
4722.609	6583.918	0	3
8614.922	3143.258	2	1
11271.792	5956.123	2	0
11701.908	5458.003	0	1
10932.908	6302.417	0	3
4880.372	6691.322	2	1
9657.375	7703.351	2	2
9689.413	7672.895	2	3
10166.272	7133.043	1	2
7549.8	8789.725	0	0
4443.972	6311.646	2	0
9726.791	7631.097	2	1
7049.727	8388.656	1	3
7486.439	8870.308	1	2
11660.137	5507.818	1	2
8563.16	4701.766	1	2
8655.955	6011.309	1	0
9726.791	7631.097	1	3
7329.869	9245.291	1	1
11008.44	6219.799	2	0
8553.975	3986.527	0	1
9689.413	7672.895	2	1
8562.497	4749.802	0	1
6775.316	8162.264	0	1
11475.526	5712.973	1	3
10032.339	7284.491	2	0
10012.254	7306.73	2	3
9670.254	7692.232	1	3
8565.136	4380.802	2	1
11326.111	5875.762	2	3
7510.461	8839.952	1	1
9726.791	7631.097	2	2
9726.791	7631.097	1	2
5411.763	7073.332	1	0
8563.16	4701.766	2	1
10909.573	6327.325	0	1
9726.791	7631.097	2	1
9721.494	7636.779	0	3
11729.988	5426.09	0	0
11260.96	5946.16	0	2
8655.955	6011.309	0	2
7351.082	9579.109	1	0
5531.539	7178.578	2	2
8646.389	5944.814	1	3
8662.593	5782.247	0	2
7415.58	9012.071	1	2
9709.344	7668.091	0	3
9933.317	7396.242	2	1
10909.573	6327.325	0	1
11505.271	5679.17	1	0
7418.389	9004.354	0	0
9657.375	7703.351	0	2
5221.355	6920.883	2	2
8612.624	5111.275	2	0
7510.331	8743.113	0	0
8655.955	6011.309	2	2
11253.293	5954.044	2	0
8652.137	5563.972	2	0
7460.959	8905.88	1	0
11505.271	5679.17	0	1
8719.697	8339.453	0	0
6600.879	8022.914	0	2
11031.161	6195.448	1	1
11044.111	6206.456	2	3
7318.54	9300.766	2	1
9721.494	7636.779	0	3
9726.791	7631.097	1	2
8589.34	5217.155	0	2
9726.791	7631.097	0	3
8614.922	3143.258	0	2
5318.559	6993.994	0	2
8602.607	5346.586	2	3
8655.955	6011.309	0	0
10429.656	6847.973	1	3
4656.361	6523.584	1	2
8562.507	4823.414	1	3
7318.54	9300.766	0	2
11008.44	6219.799	0	0
7443.266	8938.615	1	1
8602.607	5346.586	2	3
8649.502	5983.177	1	3
7552.693	8776.949	1	1
5155.456	6872.781	2	1
9721.494	7636.779	0	2
10442.129	6834.429	2	3
9896.744	7437.829	0	3
9960.506	7365.997	0	2
8638.983	5328.572	0	0
11253.293	5954.044	1	1
8589.34	5217.155	1	3
11363.747	5836.066	2	1
7171.274	8535.211	0	0
11660.137	5507.818	0	3
7460.959	8905.88	1	3
5553.309	7197.759	0	0
8652.465	5998.188	1	1
8602.607	5346.586	2	2
7335.882	9539.546	2	1
8602.607	5346.586	2	1
10385.001	6896.443	2	2
8562.49	4672.411	1	0
9974.33	7377.672	1	1
8569.873	3582.912	0	3
9721.487	7656.994	0	1
9732.185	7624.658	0	1
8632.783	2992.7	1	2
8631.967	5253.182	1	1
9960.506	7365.997	1	0
8652.579	5890.662	1	3
9974.33	7377.672	1	3
9657.375	7703.351	2	0
8550.9	4195.385	1	1
5157.882	6874.404	1	2
8655.955	6011.309	0	3
9726.791	7631.097	1	1
8632.783	2992.7	2	1
10437.357	6839.611	1	1
8861.609	7891.949	0	1
8563.16	4701.766	2	0
9896.744	7437.829	1	3
9726.791	7631.097	1	1
5068.838	6815.137	0	2
8695.635	8426.229	2	0
4880.372	6691.322	0	2
7062.97	8406.448	0	2
7351.082	9579.109	0	1
5078.61	6821.509	2	3
8662.194	5745.553	2	0
8602.607	5346.586	2	3
9726.791	7631.097	2	2
7451.6	8922.036	0	0
8757.77	8204.951	1	1
8563.16	4701.766	2	2
7552.693	8776.949	1	1
8614.922	3143.258	1	3
10046.074	7297.167	0	2
8564.106	4494.299	2	2
8575.333	5115.812	2	0
5577.731	7220.665	0	3
9933.317	7396.242	1	0
5609.83	7247.496	0	2
5157.882	6874.404	1	0
4880.372	6691.322	0	2
8567.614	4882.569	2	2
11253.293	5954.044	0	0
8589.34	5217.155	0	0
10012.254	7306.73	0	3
8559.425	3761.024	1	1
8589.34	5217.155	1	0
5402.747	7065.214	0	3
8563.16	4701.766	2	0
6868.512	8238.855	0	0
8662.588	6033.993	2	1
5304.963	6983.764	2	2
8563.16	4701.766	1	2
9726.791	7631.097	2	2
8614.922	3143.258	1	0
9670.254	7692.232	1	2
5318.559	6993.994	1	0
10103.996	7204.875	1	3
11729.988	5426.09	1	1
7451.6	8922.036	0	2
7351.082	9579.109	2	3
11280.723	5945.982	2	0
10559.219	6707.5	1	2
8547.502	4494.91	2	0
8652.137	5563.972	2	2
5577.731	7220.665	2	2
7335.882	9539.546	2	3
9745.515	7631.864	0	3
6889.962	8256.223	1	0
8551.288	4159.357	0	3
10034.497	7309.843	2	2
9732.185	7624.658	2	1
5089.501	6828.97	1	0
7415.58	9012.071	0	2
11368.134	5831.396	0	0
8575.333	5115.812	0	3
7053.786	8393.771	2	2
5089.501	6828.97	2	1
9726.791	7631.097	1	1
4814.431	6647.344	2	3
11729.988	5426.09	1	1
6708.862	8109.179	0	0
11729.988	5426.09	2	0
7322.605	9270.143	2	3
7320.09	9447.555	0	1
8652.994	5887.794	0	2
11729.988	5426.09	1	0
5146.009	6866.442	2	2
11008.44	6219.799	2	2
11660.137	5507.818	1	3
8562.391	3681.886	0	2
8555.991	3852.682	1	2
11395.947	5800.728	2	1
9943.018	7413.477	1	3
8649.502	5983.177	0	1
8815.758	8008.036	2	1
10499.363	6798.569	0	0
8677.744	8491.667	2	1
8666.964	8515.519	2	1
5218.046	6918.382	1	3
8655.955	6011.309	2	2
8549.101	4322.925	2	1
9689.413	7672.895	1	2
7320.09	9447.555	1	1
5221.355	6920.883	1	0
11729.988	5426.09	0	3
11271.792	5956.123	2	0
8548.784	4290.79	2	2
6973.681	8322.651	1	3
8595.162	5262.078	0	2
7329.869	9245.291	1	1
8655.955	6011.309	2	1
11505.271	5679.17	2	1
5577.731	7220.665	0	0
11729.988	5426.09	1	2
9704.215	7672.784	1	2
9670.254	7692.232	1	0
10437.357	6839.611	0	3
7321.449	9464.934	2	0
11371.706	5845.406	1	0
8652.579	5890.662	2	3
4111.928	5978.406	1	3
7552.693	8776.949	2	2
9733.386	7645.229	0	3
8548.784	4290.79	2	1
11008.44	6219.799	1	1
5089.501	6828.97	0	2
8655.955	6011.309	0	0
5411.763	7073.332	1	2
11729.988	5426.09	2	0
8589.34	5217.155	1	3
6935.007	8292.184	0	1
8655.955	6011.309	2	1
5422.399	7082.661	1	0
7331.949	9521.766	1	2
8818.385	8000.664	0	3
5577.731	7220.665	2	2
8565.873	4871.895	0	0
7335.882	9539.546	1	1
4920.543	6717.997	0	2
5531.539	7178.578	1	1
9726.791	7631.097	1	1
11505.271	5679.17	0	2
10046.074	7297.167	2	1
11729.988	5426.09	1	0
8862.373	7890.381	2	1
7341.696	9558.561	1	1
7499.489	8734.684	1	3
9670.254	7692.232	1	2
7044.25	8381.762	0	1
11031.161	6195.448	0	3
8563.16	4701.766	0	3
5304.963	6983.764	2	1
9689.413	7672.895	0	2
11729.988	5426.09	2	1
9670.254	7692.232	2	3
8638.983	5328.572	1	2
10572.518	6718.953	0	1
5146.009	6866.442	0	1
11399.694	5814.605	0	2
8556.07	3860.799	2	3
11496.559	5706.968	1	2
8603.273	5047.471	0	0
8554.908	4968.078	2	3
8563.16	4701.766	2	3
4880.372	6691.322	0	1
11729.988	5426.09	2	3
8575.333	5115.812	2	1
10815.885	6429.179	0	0
8602.607	5346.586	2	2
8563.16	4701.766	2	2
8655.955	6011.309	0	2
11729.988	5426.09	1	0
7366.443	9604.718	2	3
10932.908	6302.417	2	2
8599.151	5300.773	1	3
9742.007	7635.611	2	3
9657.375	7703.351	1	1
8603.273	5047.471	2	0
8657.874	5854.302	0	0
11505.271	5679.17	0	2
9721.487	7656.994	2	0
11729.988	5426.09	0	1
9896.744	7437.829	0	2
8569.873	3582.912	2	2
9704.215	7672.784	1	3
8599.093	3279.361	2	0
9732.185	7624.658	0	3
8632.783	2992.7	1	2
7335.882	9539.546	0	0
8646.895	5964.051	2	3
8563.16	4701.766	0	1
10499.363	6798.569	0	0
5304.963	6983.764	1	3
5276.948	6962.693	1	3
8584.414	3404.978	2	3
5276.948	6962.693	0	0
5609.83	7247.496	2	0
5495.624	7146.943	2	3
4370.272	6237.713	0	0
7510.331	8743.113	2	3
8632.783	2992.7	0	0
4890.388	6697.971	0	1
11260.96	5946.16	0	1
8589.34	5217.155	1	0
8589.34	5217.155	0	0
11729.988	5426.09	2	1
8593.51	5000.547	0	2
10429.656	6847.973	2	0
4370.272	6237.713	0	0
8602.607	5346.586	0	2
8564.106	4494.299	1	0
8589.34	5217.155	0	1
9960.506	7365.997	2	1
7523.277	8826.042	2	1
4722.609	6583.918	0	1
8614.922	3143.258	1	0
7468.334	8712.723	1	1
10012.254	7306.73	1	3
10046.074	7297.167	0	2
7105.037	8471.608	0	2
4880.372	6691.322	0	1
8638.983	5328.572	0	1
9726.791	7631.097	1	2
9657.375	7703.351	1	1
8732.788	8291.472	0	1
5221.355	6920.883	1	3
11368.134	5831.396	0	0
8585.9	3392.257	1	2
8651.592	5994.852	1	3
11729.988	5426.09	2	1
10450.68	6852.688	0	0
11505.271	5679.17	0	2
7523.277	8826.042	2	3
8589.34	5217.155	1	2
7335.882	9539.546	1	0
8691.591	8441.007	2	2
8562.391	3681.886	0	0
9670.254	7692.232	1	1
9657.375	7703.351	2	0
8652.994	5887.794	0	0
8555.991	3852.682	2	1
6667.168	8075.865	0	0
7549.8	8789.725	0	2
5276.948	6962.693	2	0
8632.783	2992.7	0	3
9933.317	7396.242	0	1
11729.988	5426.09	2	3
8632.783	2992.7	0	2
8632.783	2992.7	0	2
8589.34	5217.155	0	3
9670.254	7692.232	1	1
5218.046	6918.382	2	3
8589.34	5217.155	1	0
11404.888	5808.856	0	1
7400.951	9643.68	2	1
7322.605	9270.143	2	2
8589.34	5217.155	2	2
5116.555	6847.495	1	3
11395.947	5800.728	2	0
8589.34	5217.155	2	3
9896.744	7437.829	1	1
9670.254	7692.232	0	3
6911.605	8273.503	1	2
5002.339	6772.316	1	0
7451.6	8922.036	0	3
9726.791	7631.097	1	0
10437.357	6839.611	0	3
8602.607	5346.586	0	1
9657.375	7703.351	1	3
8614.922	3143.258	0	0
8655.955	6011.309	2	0
5116.555	6847.495	0	1
7601.929	8284.912	1	0
4976.294	12177.39	2	0
7467.941	9704.215	1	2
11280.723	5945.982	2	3
7720.798	12010.631	1	2
11303.131	8610.49	0	2
7359.8	9127.725	1	3
11597.939	8643.626	1	0
6362.816	3801.365	2	2
9095.636	8507.524	0	0
8858.599	9941.749	0	3
8567.497	4159.802	1	3
8052.062	9221.473	0	2
8662.593	5782.247	2	3
8466.815	11747.966	0	0
3433.506	13574.11	2	2
9889.505	8566.235	1	3
8866.261	7882.386	0	0
8703.688	8396.774	2	2
9406.537	8569.904	2	3
9889.505	8566.235	2	0
7643.438	12295.268	1	2
9652.439	7722.265	2	2
8427.862	8787.624	2	2
8562.49	4672.411	1	0
8848.123	8624.089	0	3
9406.537	8569.904	2	2
7327.379	9501.829	2	0
8224.02	9017.341	1	0
8025.913	10297.762	2	2
7359.8	9127.725	2	0
9858.383	7509.105	2	0
8848.123	8624.089	0	0
10025.068	8494.959	1	3
7772.343	8450.514	2	2
4987.878	9287.89	1	2
8769.448	7965.86	2	3
7294.203	9538.746	2	0
7856.1	8530.764	1	0
8466.815	11747.966	0	2
5889.176	7484.086	1	3
8102.752	9451.902	1	3
7901.572	8742.979	1	2
7074.776	8425.128	1	2
8102.752	9451.902	1	0
10944.893	6313.982	1	0
5414.013	9353.717	1	3
8466.815	11747.966	0	2
7933.976	9656.846	1	3
3643.543	9116.361	1	2
6157.624	9449.678	0	0
7956.733	8877.358	0	3
8893.4	7812.066	2	0
11597.939	8643.626	0	2
9745.515	7631.864	2	2
8548.558	4381.725	0	0
11597.939	8643.626	0	3
7359.8	9127.725	1	3
8662.588	6033.993	2	3
3733.642	13290.296	1	2
10546.439	8526.761	2	2
8586.302	3584.079	2	0
3891.626	5784.927	2	0
8106.376	10561.072	0	0
4569.592	6457.534	2	0
9758.249	8626.614	2	0
11597.939	8643.626	0	3
4390.332	9195.709	1	3
8734.142	8286.791	1	0
8413.756	11588.846	0	0
4795.743	9258.512	2	3
5217.013	9322.916	0	2
7601.929	8284.912	1	0
7294.203	9538.746	1	3
8632.783	2992.7	0	2
7359.8	9127.725	1	0
8632.783	2992.7	1	2
11597.939	8643.626	0	2
8144.563	8795.963	1	2
4663.216	9238.063	1	0
9406.537	8569.904	2	2
6522.288	4387.029	0	0
8816.838	6313.826	0	0
7428.922	8689.717	0	3
8198.916	8606.209	2	0
7856.1	8530.764	2	0
7534.195	8042.618	2	3
11597.939	8643.626	0	2
11363.747	5836.066	1	2
3990.075	5890.218	2	0
8662.588	6033.993	2	0
8848.123	8624.089	2	3
8567.497	4159.802	1	2
7545.591	10052.633	0	3
7418.389	9004.354	1	2
7294.203	9538.746	1	0
9406.537	8569.904	1	3
6890.836	9500.606	1	2
11597.939	8643.626	2	2
7839.5	10126.744	2	3
9243.071	8541.216	0	0
10559.219	6707.5	0	2
11597.939	8643.626	0	3
5594.973	9379.792	2	2
11597.939	8643.626	1	3
5378.039	11847.931	2	2
9889.505	8566.235	0	0
6816.537	8195.177	2	0
8466.815	11747.966	0	2
8703.688	8396.774	2	2
9243.071	8541.216	1	0
7308.693	9452.992	0	3
8052.062	9221.473	2	3
9095.636	8507.524	1	2
7160.077	6687.463	0	3
8378.528	9005.277	0	0
7294.203	9538.746	1	2
9406.537	8569.904	0	3
7643.438	12295.268	1	2
8466.815	11747.966	2	0
8330.338	9041.037	1	0
5681.193	11580.963	1	0
8103.968	10605.105	2	2
7294.203	9538.746	1	0
4390.332	9195.709	0	0
8610.438	3323.06	2	0
5539.06	11699.752	1	3
6551.812	9476.81	0	3
9933.317	7396.242	1	0
7069.663	9522.645	2	3
10275.643	7015.177	1	3
8548.756	4902.473	0	2
5015.855	6798.903	0	3
5414.013	9353.717	2	2
10025.068	8494.959	2	0
7038.244	10466.778	2	3
9933.317	7396.242	0	0
8442.292	8332.881	0	3
7327.379	9501.829	1	3
8285.133	9095.111	2	0
5414.013	9353.717	0	0
5015.855	6798.903	2	2
4663.216	9238.063	1	2
8655.008	8839.318	2	2
8551.288	4159.357	1	3
4390.332	9195.709	0	0
6667.168	8075.865	1	2
8608.564	3197.91	1	3
10025.068	8494.959	2	2
8543.027	12030.513	2	3
7359.8	9127.725	2	0
8866.261	7882.386	1	0
8052.062	9221.473	2	0
7160.077	6687.463	1	3
8427.862	8787.624	1	0
10769.02	8549.889	1	2
6092.677	11252.493	1	0
8025.913	10297.762	2	3
3643.543	9116.361	0	2
7074.776	8425.128	1	0
4569.592	6457.534	1	0
8971.499	7610.626	2	3
7601.929	8284.912	1	2
8565.873	4871.895	0	2
8106.376	10561.072	2	2
8025.913	10297.762	1	3
3433.506	13574.11	1	2
8115.043	8699.68	0	3
7359.8	9127.725	0	3
4264.455	9179.408	1	2
5414.013	9353.717	0	3
11597.939	8643.626	1	2
6551.812	9476.81	0	3
8816.838	6313.826	2	3
8548.558	4381.725	1	0
9095.636	8507.524	2	2
7428.922	8689.717	1	2
8052.508	10408.179	2	3
7643.438	12295.268	0	2
8608.564	3197.91	0	0
7467.941	9704.215	2	2
8848.123	8624.089	1	3
8866.261	7882.386	1	3
3304.638	9082.735	1	2
7294.203	9538.746	1	2
8330.338	9041.037	0	0
8466.815	11747.966	0	0
8947.952	8460.044	2	2
8349.871	8437.504	0	2
8848.123	8624.089	1	2
7294.203	9538.746	1	2
10032.339	7284.491	0	3
8516.785	8247.55	2	0
11597.939	8643.626	2	3
8963.57	8496.516	0	3
9406.537	8569.904	1	2
8822.168	7992.102	2	0
6319.605	9464.579	2	0
7038.244	10466.778	0	0
7460.336	7779.108	1	2
4872.314	6703.864	0	3
11035.027	8579.133	2	2
9663.818	10648.916	0	0
7294.203	9538.746	0	0
9562.749	10560.16	0	3
8189.87	10938.801	2	0
8655.008	8839.318	2	3
3733.642	13290.296	1	2
7294.203	9538.746	2	0
7359.8	9127.725	1	2
11597.939	8643.626	1	2
10385.001	6896.443	2	3
8866.261	7882.386	1	2
10025.068	8494.959	2	3
8466.815	11747.966	0	0
9406.537	8569.904	0	0
9406.537	8569.904	0	3
7359.8	9127.725	2	2
11363.747	5836.066	0	2
8586.302	3584.079	2	2
7347.793	10215.367	2	2
5600.372	7259.405	1	2
8567.497	4159.802	0	3
9095.636	8507.524	0	2
11404.888	5808.856	0	0
11597.939	8643.626	2	3
4186.294	6077.248	0	3
8040.279	8783.843	2	2
11597.939	8643.626	0	3
8655.008	8839.318	1	2
8548.558	4381.725	2	0
11597.939	8643.626	0	0
8427.862	8787.624	0	2
9560.679	7819.772	2	2
7294.203	9538.746	1	3
8466.815	11747.966	0	2
8278.141	11173.2	2	3
8573.107	3824.661	2	2
5531.539	7178.578	2	0
8586.302	3584.079	2	0
11597.939	8643.626	2	3
8349.871	8437.504	2	3
7294.203	9538.746	1	0
7069.663	9522.645	2	2
8610.438	3323.06	2	3
11280.723	5945.982	0	2
4390.332	9195.709	2	0
7720.798	12010.631	2	3
4199.441	6063.015	0	2
8466.815	11747.966	2	3
9080.382	8364.883	0	2
7294.203	9538.746	0	2
9406.537	8569.904	1	0
8466.815	11747.966	0	0
10385.001	6896.443	0	3
11303.131	8610.49	1	0
8058.819	9516.395	1	3
8662.588	6033.993	2	2
8502.543	8702.126	2	2
3905.364	9142.269	2	0
8322.591	11367.257	0	3
8466.815	11747.966	0	3
9406.537	8569.904	1	0
10181.73	11103.803	2	3
4390.332	9195.709	2	3
11597.939	8643.626	2	2
5539.06	11699.752	0	0
8866.261	7882.386	1	3
8548.756	4902.473	0	2
8744.26	8740.288	2	2
8632.783	2992.7	0	0
7359.8	9127.725	2	2
8816.838	6313.826	2	2
7870.646	8974.098	0	0
9406.537	8569.904	2	2
8662.593	5782.247	1	0
8115.043	8699.68	2	0
10909.573	6327.325	2	2
4390.332	9195.709	0	3
7933.976	9656.846	0	0
10160.032	8484.173	2	3
7659.232	8347.848	2	3
10347.064	8504.299	2	3
6852.565	10619.972	1	0
7359.8	9127.725	1	2
9406.537	8569.904	2	3
10025.068	8494.959	0	0
9400.707	10417.842	2	3
8404.133	9123.989	1	0
8466.815	11747.966	1	0
10347.064	8504.299	2	3
7182.287	10345.465	1	0
4390.332	9195.709	2	3
11597.939	8643.626	0	0
8466.815	11747.966	0	2
4320.543	6187.497	0	0
9400.707	10417.842	2	0
8813.969	8511.571	0	2
5176.258	6902.536	0	3
8347.502	8877.925	1	0
7359.8	9127.725	2	3
8613.698	5546.003	1	0
10347.064	8504.299	0	2
6121.215	2931.443	0	0
10347.064	8504.299	0	0
10572.518	6718.953	0	2
3304.638	9082.735	0	3
8285.133	9095.111	0	3
8562.49	4672.411	1	2
5539.06	11699.752	1	3
10160.032	8484.173	2	3
9758.249	8626.614	2	3
9663.818	10648.916	0	3
11597.939	8643.626	2	3
6280.013	7777.974	1	3
7359.8	9127.725	1	2
6603.563	4677.726	0	2
7359.8	9127.725	1	3
8573.107	3824.661	1	3
3577.228	13438.196	0	2
3643.543	9116.361	0	3
8312.178	9451.458	0	0
11597.939	8643.626	1	0
11597.939	8643.626	0	2
6568.75	10839.837	2	2
8954.846	10026.269	1	0
6769.841	9480.702	1	0
8565.136	4380.802	1	3
10181.73	11103.803	0	0
8672.658	8506.412	1	0
7737.751	8938.515	0	2
11253.293	5954.044	1	0
6319.605	9464.579	2	0
8049.626	10754.996	0	3
4663.216	9238.063	1	0
9889.505	8566.235	2	2
7545.591	10052.633	1	0
7359.8	9127.725	1	3
7038.244	10466.778	2	0
7359.8	9127.725	2	3
8543.027	12030.513	1	0
11597.939	8643.626	1	3
9406.537	8569.904	1	2
5217.013	9322.916	1	0
8203.549	9353.606	0	3
7359.8	9127.725	0	3
8562.49	4672.411	2	2
4625.932	12468.865	2	0
8040.279	8783.843	0	0
3848.913	5780.479	0	3
4136.178	9166.065	1	2
10546.439	8526.761	0	0
4446.48	12622.637	1	3
8102.752	9451.902	0	0
4839.088	6663.912	0	3
6020.393	2669.846	0	3
8562.49	4672.411	0	2
10160.032	8484.173	1	0
5824.141	7415.69	1	3
10347.064	8504.299	1	0
8652.137	5563.972	1	0
8040.279	8783.843	2	0
8481.012	11841.904	0	0
8466.815	11747.966	2	0
8442.292	8332.881	0	0
8638.983	5328.572	0	0
8610.438	3323.06	0	0
5471.721	7147.143	2	3
10025.068	8494.959	2	2
8672.658	8506.412	2	3
6522.288	4387.029	1	3
7484.626	9736.884	0	0
3304.638	9082.735	1	2
6217.477	3188.793	0	3
6387.933	10989.506	1	0
7327.379	9501.829	2	2
7956.733	8877.358	2	0
5414.013	9353.717	1	3
4215.588	12822.899	1	3
8546.233	8960.832	0	2
8466.815	11747.966	1	3
6319.605	9464.579	0	0
7359.8	9127.725	2	0
7329.869	9245.291	0	2
8502.543	8702.126	2	3
4048.982	5917.549	2	2
8040.279	8783.843	1	0
11303.131	8610.49	2	3
4809.113	12311.313	0	0
9406.537	8569.904	1	3
5414.013	9353.717	0	3
3280.396	13715.894	1	2
5414.013	9353.717	1	2
4390.332	9195.709	1	0
8612.624	5111.275	1	0
10455.672	6847.117	2	0
8198.975	10938.023	0	0
7467.941	9704.215	1	3
8102.752	9451.902	0	2
4390.332	9195.709	1	3
8052.508	10408.179	1	3
6362.816	3801.365	2	3
7160.077	6687.463	1	3
7359.8	9127.725	0	3
8451.213	9069.948	2	0
9758.249	8626.614	2	0
6551.812	9476.81	2	2
7432.886	12909.509	1	0
6433.348	4063.752	1	2
7545.591	10052.633	0	0
3733.642	13290.296	0	3
11828.304	8668.845	0	0
6984.875	6063.315	1	2
9406.537	8569.904	2	0
8203.549	9353.606	0	2
7720.798	12010.631	0	3
8349.871	8437.504	1	0
8848.12	7877.115	0	0
7359.8	9127.725	0	2
8378.528	9005.277	0	3
10275.643	7015.177	2	2
3643.543	9116.361	2	0
4390.332	9195.709	0	3
9095.636	8507.524	1	3
5594.973	9379.792	2	2
8198.916	8606.209	2	3
6319.605	9464.579	1	0
9462.712	7932.201	2	3
8565.873	4871.895	1	3
6890.836	9500.606	0	0
4186.294	6077.248	1	0
7909.465	11289.399	1	3
6157.624	9449.678	1	0
8466.815	11747.966	1	3
7785.306	11770.428	0	0
6769.841	9480.702	0	0
10288.766	7027.742	2	2
8106.376	10561.072	1	3
3848.913	5780.479	2	3
9406.537	8569.904	0	3
6675.563	4936.999	1	3
8565.873	4871.895	2	2
8466.815	11747.966	0	3
8466.815	11747.966	1	0
4446.48	12622.637	1	3
7388.595	7512.552	2	0
7876.646	9062.742	1	0
5217.013	9322.916	0	0
4987.878	9287.89	1	2
4199.441	6063.015	1	2
4390.332	9195.709	1	2
7294.203	9538.746	2	3
8950.147	8510.904	0	2
10944.893	6313.982	2	3
8102.752	9451.902	2	3
10826.993	6441.633	2	0
7069.663	9522.645	1	0
9243.071	8541.216	1	2
11475.526	5712.973	0	3
7552.693	8776.949	0	2
8424.559	8898.374	1	3
7359.8	9127.725	0	3
11597.939	8643.626	1	0
8652.137	5563.972	0	0
8567.459	3612.723	2	2
8548.756	4902.473	0	0
8655.008	8839.318	1	2
7534.195	8042.618	1	2
5402.747	7065.214	2	0
4625.932	12468.865	0	0
7068.539	6358.993	2	3
7359.8	9127.725	1	3
4390.332	9195.709	0	0
5914.221	2392.559	1	3
8546.233	8960.832	1	3
11597.939	8643.626	1	2
3304.638	9082.735	0	2
9462.712	7932.201	0	0
8950.147	8510.904	1	3
5402.747	7065.214	2	3
4976.294	12177.39	0	0
7069.663	9522.645	0	0
7710.276	9156.257	2	0
7359.8	9127.725	1	3
7948.251	8613.871	1	0
5889.176	7484.086	1	3
5732.919	7368.332	0	2
8575.333	5115.812	2	2
6890.836	9500.606	2	3
8466.815	11747.966	0	3
8584.414	3404.978	1	0
7545.591	10052.633	2	0
5378.039	11847.931	2	2
10288.766	7027.742	1	0
8662.593	5782.247	0	3
7160.077	6687.463	2	0
7597.671	8249.774	0	0
7731.319	9993.866	2	3
7948.251	8613.871	2	3
9406.537	8569.904	0	2
