ID	s	d	ts	te	LLC	PID	size	hops	band usage	copies
0	0	8	0	0	0	0	120	0	2	0	0	0	-1
5	0	8	0	0	0	0	3600	0	2	0	0	0	-1
5	0	8	0	0	0	1	3600	0	2	0	0	0	-1
5	0	8	0	0	0	2	3600	0	2	0	0	0	-1
5	0	8	0	0	0	3	3600	0	2	0	0	0	-1
5	0	8	0	0	0	4	3600	0	2	0	0	0	-1
5	0	8	0	0	0	5	3600	0	2	0	0	0	-1
5	0	8	0	0	0	6	3600	0	2	0	0	0	-1
5	0	8	0	0	0	7	3600	0	2	0	0	0	-1
5	0	8	0	0	0	8	3600	0	2	0	0	0	-1
5	0	8	0	0	0	9	3600	0	2	0	0	0	-1
5	0	8	0	0	0	10	3600	0	2	0	0	0	-1
5	0	8	0	0	0	11	3600	0	2	0	0	0	-1
2	3	8	0	0	0	0	1200	0	1	0	1	0	-1
2	3	8	0	0	0	1	1200	0	1	0	1	0	-1
2	3	8	0	0	0	2	1200	0	1	0	1	0	-1
2	3	8	0	0	0	3	1200	0	1	0	1	0	-1
1	3	7	0	1	1	0	2400	0	1	0	0	1	-1
1	3	7	0	1	1	1	2400	0	1	0	0	1	-1
1	3	7	0	1	1	2	2400	0	1	0	0	1	-1
1	3	7	0	1	1	3	2400	0	1	0	0	1	-1
1	3	7	0	1	1	4	2400	0	1	0	0	1	-1
1	3	7	0	1	1	5	2400	0	1	0	0	1	-1
1	3	7	0	1	1	6	2400	0	1	0	0	1	-1
1	3	7	0	1	1	7	2400	0	1	0	0	1	-1
7	3	7	0	1	1	0	1200	0	1	0	1	0	-1
7	3	7	0	1	1	1	1200	0	1	0	1	0	-1
7	3	7	0	1	1	2	1200	0	1	0	1	0	-1
7	3	7	0	1	1	3	1200	0	1	0	1	0	-1
9	3	8	12	12	0	0	120	0	2	0	0	0	-1
12	0	7	12	12	0	0	2400	0	1	0	0	1	-1
12	0	7	12	12	0	1	2400	0	1	0	0	1	-1
12	0	7	12	12	0	2	2400	0	1	0	0	1	-1
12	0	7	12	12	0	3	2400	0	1	0	0	1	-1
12	0	7	12	12	0	4	2400	0	1	0	0	1	-1
12	0	7	12	12	0	5	2400	0	1	0	0	1	-1
12	0	7	12	12	0	6	2400	0	1	0	0	1	-1
12	0	7	12	12	0	7	2400	0	1	0	0	1	-1
10	3	6	12	12	0	0	2400	0	0	0	1	1	-1
10	3	6	12	12	0	1	2400	0	0	0	1	1	-1
10	3	6	12	12	0	2	2400	0	0	0	1	1	-1
10	3	6	12	12	0	3	2400	0	0	0	1	1	-1
10	3	6	12	12	0	4	2400	0	0	0	1	1	-1
10	3	6	12	12	0	5	2400	0	0	0	1	1	-1
10	3	6	12	12	0	6	2400	0	0	0	1	1	-1
10	3	6	12	12	0	7	2400	0	0	0	1	1	-1
19	0	8	22	22	0	0	1200	0	1	0	1	0	-1
19	0	8	22	22	0	1	1200	0	1	0	1	0	-1
19	0	8	22	22	0	2	1200	0	1	0	1	0	-1
19	0	8	22	22	0	3	1200	0	1	0	1	0	-1
14	0	7	22	22	0	0	2400	0	0	0	1	1	-1
14	0	7	22	22	0	1	2400	0	0	0	1	1	-1
14	0	7	22	22	0	2	2400	0	0	0	1	1	-1
14	0	7	22	22	0	3	2400	0	0	0	1	1	-1
14	0	7	22	22	0	4	2400	0	0	0	1	1	-1
14	0	7	22	22	0	5	2400	0	0	0	1	1	-1
14	0	7	22	22	0	6	2400	0	0	0	1	1	-1
14	0	7	22	22	0	7	2400	0	0	0	1	1	-1
18	0	7	22	22	0	0	3600	0	0	0	1	1	-1
18	0	7	22	22	0	1	3600	0	0	0	1	1	-1
18	0	7	22	22	0	2	3600	0	0	0	1	1	-1
18	0	7	22	22	0	3	3600	0	0	0	1	1	-1
18	0	7	22	22	0	4	3600	0	0	0	1	1	-1
18	0	7	22	22	0	5	3600	0	0	0	1	1	-1
18	0	7	22	22	0	6	3600	0	0	0	1	1	-1
18	0	7	22	22	0	7	3600	0	0	0	1	1	-1
18	0	7	22	22	0	8	3600	0	0	0	1	1	-1
18	0	7	22	22	0	9	3600	0	0	0	1	1	-1
18	0	7	22	22	0	10	3600	0	0	0	1	1	-1
18	0	7	22	22	0	11	3600	0	0	0	1	1	-1
20	3	7	22	23	1	0	1200	0	0	0	2	0	-1
20	3	7	22	23	1	1	1200	0	0	0	2	0	-1
20	3	7	22	23	1	2	1200	0	0	0	2	0	-1
20	3	7	22	23	1	3	1200	0	0	0	2	0	-1
3	2	6	0	24	24	0	1200	0	2	0	0	0	-1
3	2	6	0	24	24	1	1200	0	2	0	0	0	-1
3	2	6	0	24	24	2	1200	0	2	0	0	0	-1
3	2	6	0	24	24	3	1200	0	2	0	0	0	-1
4	2	8	0	25	25	0	2400	0	2	0	0	0	-1
4	2	8	0	25	25	1	2400	0	2	0	0	0	-1
4	2	8	0	25	25	2	2400	0	2	0	0	0	-1
4	2	8	0	25	25	3	2400	0	2	0	0	0	-1
4	2	8	0	25	25	4	2400	0	2	0	0	0	-1
4	2	8	0	25	25	5	2400	0	2	0	0	0	-1
4	2	8	0	25	25	6	2400	0	2	0	0	0	-1
4	2	8	0	25	25	7	2400	0	2	0	0	0	-1
27	3	6	22	25	3	0	3600	0	0	0	2	0	-1
27	3	6	22	25	3	1	3600	0	0	0	2	0	-1
27	3	6	22	25	3	2	3600	0	0	0	2	0	-1
27	3	6	22	25	3	3	3600	0	0	0	2	0	-1
27	3	6	22	25	3	4	3600	0	0	0	2	0	-1
27	3	6	22	25	3	5	3600	0	0	0	2	0	-1
27	3	6	22	25	3	6	3600	0	0	0	2	0	-1
27	3	6	22	25	3	7	3600	0	0	0	2	0	-1
27	3	6	22	25	3	8	3600	0	0	0	2	0	-1
27	3	6	22	25	3	9	3600	0	0	0	2	0	-1
27	3	6	22	25	3	10	3600	0	0	0	2	0	-1
27	3	6	22	25	3	11	3600	0	0	0	2	0	-1
23	2	6	22	26	4	0	3600	0	1	0	1	0	-1
23	2	6	22	26	4	1	3600	0	1	0	1	0	-1
23	2	6	22	26	4	2	3600	0	1	0	1	0	-1
23	2	6	22	26	4	3	3600	0	1	0	1	0	-1
23	2	6	22	26	4	4	3600	0	1	0	1	0	-1
23	2	6	22	26	4	5	3600	0	1	0	1	0	-1
23	2	6	22	26	4	6	3600	0	1	0	1	0	-1
23	2	6	22	26	4	7	3600	0	1	0	1	0	-1
23	2	6	22	26	4	8	3600	0	1	0	1	0	-1
23	2	6	22	26	4	9	3600	0	1	0	1	0	-1
23	2	6	22	26	4	10	3600	0	1	0	1	0	-1
23	2	6	22	26	4	11	3600	0	1	0	1	0	-1
32	0	7	38	38	0	0	1200	0	1	0	1	0	-1
32	0	7	38	38	0	1	1200	0	1	0	1	0	-1
32	0	7	38	38	0	2	1200	0	1	0	1	0	-1
32	0	7	38	38	0	3	1200	0	1	0	1	0	-1
31	0	6	38	38	0	0	120	0	2	0	0	0	-1
26	1	6	22	40	18	0	1200	0	2	0	0	0	-1
26	1	6	22	40	18	1	1200	0	2	0	0	0	-1
26	1	6	22	40	18	2	1200	0	2	0	0	0	-1
26	1	6	22	40	18	3	1200	0	2	0	0	0	-1
37	0	6	38	40	2	0	3600	0	1	0	1	0	-1
37	0	6	38	40	2	1	3600	0	1	0	1	0	-1
37	0	6	38	40	2	2	3600	0	1	0	1	0	-1
37	0	6	38	40	2	3	3600	0	1	0	1	0	-1
37	0	6	38	40	2	4	3600	0	1	0	1	0	-1
37	0	6	38	40	2	5	3600	0	1	0	1	0	-1
37	0	6	38	40	2	6	3600	0	1	0	1	0	-1
37	0	6	38	40	2	7	3600	0	1	0	1	0	-1
37	0	6	38	40	2	8	3600	0	1	0	1	0	-1
37	0	6	38	40	2	9	3600	0	1	0	1	0	-1
37	0	6	38	40	2	10	3600	0	1	0	1	0	-1
37	0	6	38	40	2	11	3600	0	1	0	1	0	-1
15	1	8	22	41	19	0	2400	0	1	0	1	0	-1
15	1	8	22	41	19	1	2400	0	1	0	1	0	-1
15	1	8	22	41	19	2	2400	0	1	0	1	0	-1
15	1	8	22	41	19	3	2400	0	1	0	1	0	-1
15	1	8	22	41	19	4	2400	0	1	0	1	0	-1
15	1	8	22	41	19	5	2400	0	1	0	1	0	-1
15	1	8	22	41	19	6	2400	0	1	0	1	0	-1
15	1	8	22	41	19	7	2400	0	1	0	1	0	-1
34	2	8	38	41	3	0	1200	0	2	0	0	0	-1
34	2	8	38	41	3	1	1200	0	2	0	0	0	-1
34	2	8	38	41	3	2	1200	0	2	0	0	0	-1
34	2	8	38	41	3	3	1200	0	2	0	0	0	-1
39	2	8	38	41	3	0	2400	0	2	0	0	0	-1
39	2	8	38	41	3	1	2400	0	2	0	0	0	-1
39	2	8	38	41	3	2	2400	0	2	0	0	0	-1
39	2	8	38	41	3	3	2400	0	2	0	0	0	-1
39	2	8	38	41	3	4	2400	0	2	0	0	0	-1
39	2	8	38	41	3	5	2400	0	2	0	0	0	-1
39	2	8	38	41	3	6	2400	0	2	0	0	0	-1
39	2	8	38	41	3	7	2400	0	2	0	0	0	-1
36	3	7	38	41	3	0	3600	0	0	0	2	0	-1
36	3	7	38	41	3	1	3600	0	0	0	2	0	-1
36	3	7	38	41	3	2	3600	0	0	0	2	0	-1
36	3	7	38	41	3	3	3600	0	0	0	2	0	-1
36	3	7	38	41	3	4	3600	0	0	0	2	0	-1
36	3	7	38	41	3	5	3600	0	0	0	2	0	-1
36	3	7	38	41	3	6	3600	0	0	0	2	0	-1
36	3	7	38	41	3	7	3600	0	0	0	2	0	-1
36	3	7	38	41	3	8	3600	0	0	0	2	0	-1
36	3	7	38	41	3	9	3600	0	0	0	2	0	-1
36	3	7	38	41	3	10	3600	0	0	0	2	0	-1
36	3	7	38	41	3	11	3600	0	0	0	2	0	-1
33	2	6	38	42	4	0	2400	0	1	0	1	0	-1
33	2	6	38	42	4	1	2400	0	1	0	1	0	-1
33	2	6	38	42	4	2	2400	0	1	0	1	0	-1
33	2	6	38	42	4	3	2400	0	1	0	1	0	-1
33	2	6	38	42	4	4	2400	0	1	0	1	0	-1
33	2	6	38	42	4	5	2400	0	1	0	1	0	-1
33	2	6	38	42	4	6	2400	0	1	0	1	0	-1
33	2	6	38	42	4	7	2400	0	1	0	1	0	-1
17	1	7	22	43	21	0	2400	0	2	0	1	0	-1
17	1	7	22	43	21	1	2400	0	2	0	1	0	-1
17	1	7	22	43	21	2	2400	0	2	0	1	0	-1
17	1	7	22	43	21	3	2400	0	2	0	1	0	-1
17	1	7	22	43	21	4	2400	0	2	0	1	0	-1
17	1	7	22	43	21	5	2400	0	2	0	1	0	-1
17	1	7	22	43	21	6	2400	0	2	0	1	0	-1
17	1	7	22	43	21	7	2400	0	2	0	1	0	-1
50	0	7	50	50	0	0	120	0	2	0	0	0	-1
44	3	6	50	50	0	0	2400	0	0	0	1	1	-1
44	3	6	50	50	0	1	2400	0	0	0	1	1	-1
44	3	6	50	50	0	2	2400	0	0	0	1	1	-1
44	3	6	50	50	0	3	2400	0	0	0	1	1	-1
44	3	6	50	50	0	4	2400	0	0	0	1	1	-1
44	3	6	50	50	0	5	2400	0	0	0	1	1	-1
44	3	6	50	50	0	6	2400	0	0	0	1	1	-1
44	3	6	50	50	0	7	2400	0	0	0	1	1	-1
51	0	7	50	50	0	0	1200	0	0	0	2	0	-1
51	0	7	50	50	0	1	1200	0	0	0	2	0	-1
51	0	7	50	50	0	2	1200	0	0	0	2	0	-1
51	0	7	50	50	0	3	1200	0	0	0	2	0	-1
47	0	8	50	52	2	0	2400	0	0	0	2	0	-1
47	0	8	50	52	2	1	2400	0	0	0	2	0	-1
47	0	8	50	52	2	2	2400	0	0	0	2	0	-1
47	0	8	50	52	2	3	2400	0	0	0	2	0	-1
47	0	8	50	52	2	4	2400	0	0	0	2	0	-1
47	0	8	50	52	2	5	2400	0	0	0	2	0	-1
47	0	8	50	52	2	6	2400	0	0	0	2	0	-1
47	0	8	50	52	2	7	2400	0	0	0	2	0	-1
35	1	6	38	54	16	0	3600	0	1	0	1	0	-1
35	1	6	38	54	16	1	3600	0	1	0	1	0	-1
35	1	6	38	54	16	2	3600	0	1	0	1	0	-1
35	1	6	38	54	16	3	3600	0	1	0	1	0	-1
35	1	6	38	54	16	4	3600	0	1	0	1	0	-1
35	1	6	38	54	16	5	3600	0	1	0	1	0	-1
35	1	6	38	54	16	6	3600	0	1	0	1	0	-1
35	1	6	38	54	16	7	3600	0	1	0	1	0	-1
35	1	6	38	54	16	8	3600	0	1	0	1	0	-1
35	1	6	38	54	16	9	3600	0	1	0	1	0	-1
35	1	6	38	54	16	10	3600	0	1	0	1	0	-1
35	1	6	38	54	16	11	3600	0	1	0	1	0	-1
30	1	8	38	55	17	0	1200	0	2	0	0	0	-1
30	1	8	38	55	17	1	1200	0	2	0	0	0	-1
30	1	8	38	55	17	2	1200	0	2	0	0	0	-1
30	1	8	38	55	17	3	1200	0	2	0	0	0	-1
38	1	8	38	55	17	0	2400	0	1	0	1	0	-1
38	1	8	38	55	17	1	2400	0	1	0	1	0	-1
38	1	8	38	55	17	2	2400	0	1	0	1	0	-1
38	1	8	38	55	17	3	2400	0	1	0	1	0	-1
38	1	8	38	55	17	4	2400	0	1	0	1	0	-1
38	1	8	38	55	17	5	2400	0	1	0	1	0	-1
38	1	8	38	55	17	6	2400	0	1	0	1	0	-1
38	1	8	38	55	17	7	2400	0	1	0	1	0	-1
53	3	7	70	70	0	0	120	0	2	0	0	0	-1
56	3	6	70	70	0	0	3600	0	1	0	1	0	-1
56	3	6	70	70	0	1	3600	0	1	0	1	0	-1
56	3	6	70	70	0	2	3600	0	1	0	1	0	-1
56	3	6	70	70	0	3	3600	0	1	0	1	0	-1
56	3	6	70	70	0	4	3600	0	1	0	1	0	-1
56	3	6	70	70	0	5	3600	0	1	0	1	0	-1
56	3	6	70	70	0	6	3600	0	1	0	1	0	-1
56	3	6	70	70	0	7	3600	0	1	0	1	0	-1
56	3	6	70	70	0	8	3600	0	1	0	1	0	-1
56	3	6	70	70	0	9	3600	0	1	0	1	0	-1
56	3	6	70	70	0	10	3600	0	1	0	1	0	-1
56	3	6	70	70	0	11	3600	0	1	0	1	0	-1
58	3	8	70	70	0	0	1200	0	1	0	1	0	-1
58	3	8	70	70	0	1	1200	0	1	0	1	0	-1
58	3	8	70	70	0	2	1200	0	1	0	1	0	-1
58	3	8	70	70	0	3	1200	0	1	0	1	0	-1
13	3	5	12	74	62	0	1200	0	3	0	1	0	-1
13	3	5	12	74	62	1	1200	0	3	0	1	0	-1
13	3	5	12	74	62	2	1200	0	3	0	1	0	-1
13	3	5	12	74	62	3	1200	0	3	0	1	0	-1
11	1	5	12	74	62	0	120	0	4	0	0	0	-1
25	2	5	22	74	52	0	1200	0	3	0	1	0	-1
25	2	5	22	74	52	1	1200	0	3	0	1	0	-1
25	2	5	22	74	52	2	1200	0	3	0	1	0	-1
25	2	5	22	74	52	3	1200	0	3	0	1	0	-1
40	3	5	38	74	36	0	1200	0	2	0	1	0	-1
40	3	5	38	74	36	1	1200	0	2	0	1	0	-1
40	3	5	38	74	36	2	1200	0	2	0	1	0	-1
40	3	5	38	74	36	3	1200	0	2	0	1	0	-1
6	2	5	0	75	75	0	2400	0	2	0	2	0	-1
6	2	5	0	75	75	1	2400	0	2	0	2	0	-1
6	2	5	0	75	75	2	2400	0	2	0	2	0	-1
6	2	5	0	75	75	3	2400	0	2	0	2	0	-1
6	2	5	0	75	75	4	2400	0	2	0	2	0	-1
6	2	5	0	75	75	5	2400	0	2	0	2	0	-1
6	2	5	0	75	75	6	2400	0	2	0	2	0	-1
6	2	5	0	75	75	7	2400	0	2	0	2	0	-1
8	1	5	0	75	75	0	2400	0	2	0	2	0	-1
8	1	5	0	75	75	1	2400	0	2	0	2	0	-1
8	1	5	0	75	75	2	2400	0	2	0	2	0	-1
8	1	5	0	75	75	3	2400	0	2	0	2	0	-1
8	1	5	0	75	75	4	2400	0	2	0	2	0	-1
8	1	5	0	75	75	5	2400	0	2	0	2	0	-1
8	1	5	0	75	75	6	2400	0	2	0	2	0	-1
8	1	5	0	75	75	7	2400	0	2	0	2	0	-1
41	3	5	38	75	37	0	2400	0	1	0	2	0	-1
41	3	5	38	75	37	1	2400	0	1	0	2	0	-1
41	3	5	38	75	37	2	2400	0	1	0	2	0	-1
41	3	5	38	75	37	3	2400	0	1	0	2	0	-1
41	3	5	38	75	37	4	2400	0	1	0	2	0	-1
41	3	5	38	75	37	5	2400	0	1	0	2	0	-1
41	3	5	38	75	37	6	2400	0	1	0	2	0	-1
41	3	5	38	75	37	7	2400	0	1	0	2	0	-1
21	4	7	22	77	55	0	120	0	2	0	0	0	-1
22	4	7	22	77	55	0	1200	0	2	0	0	0	-1
22	4	7	22	77	55	1	1200	0	2	0	0	0	-1
22	4	7	22	77	55	2	1200	0	2	0	0	0	-1
22	4	7	22	77	55	3	1200	0	2	0	0	0	-1
29	4	7	38	77	39	0	2400	0	2	0	0	0	-1
29	4	7	38	77	39	1	2400	0	2	0	0	0	-1
29	4	7	38	77	39	2	2400	0	2	0	0	0	-1
29	4	7	38	77	39	3	2400	0	2	0	0	0	-1
29	4	7	38	77	39	4	2400	0	2	0	0	0	-1
29	4	7	38	77	39	5	2400	0	2	0	0	0	-1
29	4	7	38	77	39	6	2400	0	2	0	0	0	-1
29	4	7	38	77	39	7	2400	0	2	0	0	0	-1
45	4	7	50	77	27	0	1200	0	2	0	0	0	-1
45	4	7	50	77	27	1	1200	0	2	0	0	0	-1
45	4	7	50	77	27	2	1200	0	2	0	0	0	-1
45	4	7	50	77	27	3	1200	0	2	0	0	0	-1
28	4	8	38	78	40	0	120	0	4	0	0	0	-1
61	4	8	70	78	8	0	120	0	4	0	0	0	-1
57	4	8	70	80	10	0	1200	0	3	0	1	0	-1
57	4	8	70	80	10	1	1200	0	3	0	1	0	-1
57	4	8	70	80	10	2	1200	0	3	0	1	0	-1
57	4	8	70	80	10	3	1200	0	3	0	1	0	-1
59	4	8	70	82	12	0	2400	0	3	0	0	0	-1
59	4	8	70	82	12	1	2400	0	3	0	0	0	-1
59	4	8	70	82	12	2	2400	0	3	0	0	0	-1
59	4	8	70	82	12	3	2400	0	3	0	0	0	-1
59	4	8	70	82	12	4	2400	0	3	0	0	0	-1
59	4	8	70	82	12	5	2400	0	3	0	0	0	-1
59	4	8	70	82	12	6	2400	0	3	0	0	0	-1
59	4	8	70	82	12	7	2400	0	3	0	0	0	-1
64	0	8	85	85	0	0	2400	0	2	0	0	0	-1
64	0	8	85	85	0	1	2400	0	2	0	0	0	-1
64	0	8	85	85	0	2	2400	0	2	0	0	0	-1
64	0	8	85	85	0	3	2400	0	2	0	0	0	-1
64	0	8	85	85	0	4	2400	0	2	0	0	0	-1
64	0	8	85	85	0	5	2400	0	2	0	0	0	-1
64	0	8	85	85	0	6	2400	0	2	0	0	0	-1
64	0	8	85	85	0	7	2400	0	2	0	0	0	-1
70	0	6	85	85	0	0	1200	0	2	0	0	0	-1
70	0	6	85	85	0	1	1200	0	2	0	0	0	-1
70	0	6	85	85	0	2	1200	0	2	0	0	0	-1
70	0	6	85	85	0	3	1200	0	2	0	0	0	-1
72	0	8	85	85	0	0	120	0	2	0	0	0	-1
74	3	7	85	85	0	0	120	0	2	0	0	0	-1
75	3	7	85	88	3	0	3600	0	0	0	2	0	-1
75	3	7	85	88	3	1	3600	0	0	0	2	0	-1
75	3	7	85	88	3	2	3600	0	0	0	2	0	-1
75	3	7	85	88	3	3	3600	0	0	0	2	0	-1
75	3	7	85	88	3	4	3600	0	0	0	2	0	-1
75	3	7	85	88	3	5	3600	0	0	0	2	0	-1
75	3	7	85	88	3	6	3600	0	0	0	2	0	-1
75	3	7	85	88	3	7	3600	0	0	0	2	0	-1
75	3	7	85	88	3	8	3600	0	0	0	2	0	-1
75	3	7	85	88	3	9	3600	0	0	0	2	0	-1
75	3	7	85	88	3	10	3600	0	0	0	2	0	-1
75	3	7	85	88	3	11	3600	0	0	0	2	0	-1
80	0	8	99	99	0	0	120	0	2	0	0	0	-1
83	0	7	99	99	0	0	120	0	2	0	0	0	-1
86	0	7	99	99	0	0	3600	0	1	0	1	0	-1
86	0	7	99	99	0	1	3600	0	1	0	1	0	-1
86	0	7	99	99	0	2	3600	0	1	0	1	0	-1
86	0	7	99	99	0	3	3600	0	1	0	1	0	-1
86	0	7	99	99	0	4	3600	0	1	0	1	0	-1
86	0	7	99	99	0	5	3600	0	1	0	1	0	-1
86	0	7	99	99	0	6	3600	0	1	0	1	0	-1
86	0	7	99	99	0	7	3600	0	1	0	1	0	-1
86	0	7	99	99	0	8	3600	0	1	0	1	0	-1
86	0	7	99	99	0	9	3600	0	1	0	1	0	-1
86	0	7	99	99	0	10	3600	0	1	0	1	0	-1
86	0	7	99	99	0	11	3600	0	1	0	1	0	-1
81	0	8	99	100	1	0	1200	0	0	0	2	0	-1
81	0	8	99	100	1	1	1200	0	0	0	2	0	-1
81	0	8	99	100	1	2	1200	0	0	0	2	0	-1
81	0	8	99	100	1	3	1200	0	0	0	2	0	-1
66	2	6	85	104	19	0	2400	0	2	0	0	0	-1
66	2	6	85	104	19	1	2400	0	2	0	0	0	-1
66	2	6	85	104	19	2	2400	0	2	0	0	0	-1
66	2	6	85	104	19	3	2400	0	2	0	0	0	-1
66	2	6	85	104	19	4	2400	0	2	0	0	0	-1
66	2	6	85	104	19	5	2400	0	2	0	0	0	-1
66	2	6	85	104	19	6	2400	0	2	0	0	0	-1
66	2	6	85	104	19	7	2400	0	2	0	0	0	-1
46	1	6	50	104	54	0	2400	0	1	0	2	0	-1
46	1	6	50	104	54	1	2400	0	1	0	2	0	-1
46	1	6	50	104	54	2	2400	0	1	0	2	0	-1
46	1	6	50	104	54	3	2400	0	1	0	2	0	-1
46	1	6	50	104	54	4	2400	0	1	0	2	0	-1
46	1	6	50	104	54	5	2400	0	1	0	2	0	-1
46	1	6	50	104	54	6	2400	0	1	0	2	0	-1
46	1	6	50	104	54	7	2400	0	1	0	2	0	-1
49	1	6	50	104	54	0	3600	0	1	0	2	0	-1
49	1	6	50	104	54	1	3600	0	1	0	2	0	-1
49	1	6	50	104	54	2	3600	0	1	0	2	0	-1
49	1	6	50	104	54	3	3600	0	1	0	2	0	-1
49	1	6	50	104	54	4	3600	0	1	0	2	0	-1
49	1	6	50	104	54	5	3600	0	1	0	2	0	-1
49	1	6	50	104	54	6	3600	0	1	0	2	0	-1
49	1	6	50	104	54	7	3600	0	1	0	2	0	-1
49	1	6	50	104	54	8	3600	0	1	0	2	0	-1
49	1	6	50	104	54	9	3600	0	1	0	2	0	-1
49	1	6	50	104	54	10	3600	0	1	0	2	0	-1
49	1	6	50	104	54	11	3600	0	1	0	2	0	-1
52	1	6	70	104	34	0	3600	0	1	0	1	0	-1
52	1	6	70	104	34	1	3600	0	1	0	1	0	-1
52	1	6	70	104	34	2	3600	0	1	0	1	0	-1
52	1	6	70	104	34	3	3600	0	1	0	1	0	-1
52	1	6	70	104	34	4	3600	0	1	0	1	0	-1
52	1	6	70	104	34	5	3600	0	1	0	1	0	-1
52	1	6	70	104	34	6	3600	0	1	0	1	0	-1
52	1	6	70	104	34	7	3600	0	1	0	1	0	-1
52	1	6	70	104	34	8	3600	0	1	0	1	0	-1
52	1	6	70	104	34	9	3600	0	1	0	1	0	-1
52	1	6	70	104	34	10	3600	0	1	0	1	0	-1
52	1	6	70	104	34	11	3600	0	1	0	1	0	-1
48	2	5	50	104	54	0	2400	0	3	0	1	0	-1
48	2	5	50	104	54	1	2400	0	3	0	1	0	-1
48	2	5	50	104	54	2	2400	0	3	0	1	0	-1
48	2	5	50	104	54	3	2400	0	3	0	1	0	-1
48	2	5	50	104	54	4	2400	0	3	0	1	0	-1
48	2	5	50	104	54	5	2400	0	3	0	1	0	-1
48	2	5	50	104	54	6	2400	0	3	0	1	0	-1
48	2	5	50	104	54	7	2400	0	3	0	1	0	-1
42	1	8	50	105	55	0	120	0	3	0	0	0	-1
55	2	8	70	105	35	0	120	0	3	0	0	0	-1
60	2	8	70	105	35	0	3600	0	2	0	1	0	-1
60	2	8	70	105	35	1	3600	0	2	0	1	0	-1
60	2	8	70	105	35	2	3600	0	2	0	1	0	-1
60	2	8	70	105	35	3	3600	0	2	0	1	0	-1
60	2	8	70	105	35	4	3600	0	2	0	1	0	-1
60	2	8	70	105	35	5	3600	0	2	0	1	0	-1
60	2	8	70	105	35	6	3600	0	2	0	1	0	-1
60	2	8	70	105	35	7	3600	0	2	0	1	0	-1
60	2	8	70	105	35	8	3600	0	2	0	1	0	-1
60	2	8	70	105	35	9	3600	0	2	0	1	0	-1
60	2	8	70	105	35	10	3600	0	2	0	1	0	-1
60	2	8	70	105	35	11	3600	0	2	0	1	0	-1
62	1	8	85	105	20	0	3600	0	1	0	1	0	-1
62	1	8	85	105	20	1	3600	0	1	0	1	0	-1
62	1	8	85	105	20	2	3600	0	1	0	1	0	-1
62	1	8	85	105	20	3	3600	0	1	0	1	0	-1
62	1	8	85	105	20	4	3600	0	1	0	1	0	-1
62	1	8	85	105	20	5	3600	0	1	0	1	0	-1
62	1	8	85	105	20	6	3600	0	1	0	1	0	-1
62	1	8	85	105	20	7	3600	0	1	0	1	0	-1
62	1	8	85	105	20	8	3600	0	1	0	1	0	-1
62	1	8	85	105	20	9	3600	0	1	0	1	0	-1
62	1	8	85	105	20	10	3600	0	1	0	1	0	-1
62	1	8	85	105	20	11	3600	0	1	0	1	0	-1
43	1	7	50	107	57	0	1200	0	3	0	2	0	-1
43	1	7	50	107	57	1	1200	0	3	0	2	0	-1
43	1	7	50	107	57	2	1200	0	3	0	2	0	-1
43	1	7	50	107	57	3	1200	0	3	0	2	0	-1
84	2	7	99	110	11	0	2400	0	2	0	1	0	-1
84	2	7	99	110	11	1	2400	0	2	0	1	0	-1
84	2	7	99	110	11	2	2400	0	2	0	1	0	-1
84	2	7	99	110	11	3	2400	0	2	0	1	0	-1
84	2	7	99	110	11	4	2400	0	2	0	1	0	-1
84	2	7	99	110	11	5	2400	0	2	0	1	0	-1
84	2	7	99	110	11	6	2400	0	2	0	1	0	-1
84	2	7	99	110	11	7	2400	0	2	0	1	0	-1
88	3	6	118	118	0	0	120	0	2	0	0	0	-1
91	0	8	118	118	0	0	1200	0	0	0	2	0	-1
91	0	8	118	118	0	1	1200	0	0	0	2	0	-1
91	0	8	118	118	0	2	1200	0	0	0	2	0	-1
91	0	8	118	118	0	3	1200	0	0	0	2	0	-1
96	0	8	118	118	0	0	2400	0	0	0	2	0	-1
96	0	8	118	118	0	1	2400	0	0	0	2	0	-1
96	0	8	118	118	0	2	2400	0	0	0	2	0	-1
96	0	8	118	118	0	3	2400	0	0	0	2	0	-1
96	0	8	118	118	0	4	2400	0	0	0	2	0	-1
96	0	8	118	118	0	5	2400	0	0	0	2	0	-1
96	0	8	118	118	0	6	2400	0	0	0	2	0	-1
96	0	8	118	118	0	7	2400	0	0	0	2	0	-1
93	0	6	118	119	1	0	1200	0	2	0	0	0	-1
93	0	6	118	119	1	1	1200	0	2	0	0	0	-1
93	0	6	118	119	1	2	1200	0	2	0	0	0	-1
93	0	6	118	119	1	3	1200	0	2	0	0	0	-1
79	1	7	99	121	22	0	2400	0	2	0	1	1	-1
79	1	7	99	121	22	1	2400	0	2	0	1	1	-1
79	1	7	99	121	22	2	2400	0	2	0	1	1	-1
79	1	7	99	121	22	3	2400	0	2	0	1	1	-1
79	1	7	99	121	22	4	2400	0	2	0	1	1	-1
79	1	7	99	121	22	5	2400	0	2	0	1	1	-1
79	1	7	99	121	22	6	2400	0	2	0	1	1	-1
79	1	7	99	121	22	7	2400	0	2	0	1	1	-1
98	3	6	118	121	3	0	2400	0	0	0	2	0	-1
98	3	6	118	121	3	1	2400	0	0	0	2	0	-1
98	3	6	118	121	3	2	2400	0	0	0	2	0	-1
98	3	6	118	121	3	3	2400	0	0	0	2	0	-1
98	3	6	118	121	3	4	2400	0	0	0	2	0	-1
98	3	6	118	121	3	5	2400	0	0	0	2	0	-1
98	3	6	118	121	3	6	2400	0	0	0	2	0	-1
98	3	6	118	121	3	7	2400	0	0	0	2	0	-1
92	1	8	118	128	10	0	2400	0	2	0	0	0	-1
92	1	8	118	128	10	1	2400	0	2	0	0	0	-1
92	1	8	118	128	10	2	2400	0	2	0	0	0	-1
92	1	8	118	128	10	3	2400	0	2	0	0	0	-1
92	1	8	118	128	10	4	2400	0	2	0	0	0	-1
92	1	8	118	128	10	5	2400	0	2	0	0	0	-1
92	1	8	118	128	10	6	2400	0	2	0	0	0	-1
92	1	8	118	128	10	7	2400	0	2	0	0	0	-1
89	2	8	118	128	10	0	1200	0	3	0	0	0	-1
89	2	8	118	128	10	1	1200	0	3	0	0	0	-1
89	2	8	118	128	10	2	1200	0	3	0	0	0	-1
89	2	8	118	128	10	3	1200	0	3	0	0	0	-1
90	2	8	118	128	10	0	120	0	3	0	0	0	-1
95	2	8	118	128	10	0	2400	0	2	0	1	0	-1
95	2	8	118	128	10	1	2400	0	2	0	1	0	-1
95	2	8	118	128	10	2	2400	0	2	0	1	0	-1
95	2	8	118	128	10	3	2400	0	2	0	1	0	-1
95	2	8	118	128	10	4	2400	0	2	0	1	0	-1
95	2	8	118	128	10	5	2400	0	2	0	1	0	-1
95	2	8	118	128	10	6	2400	0	2	0	1	0	-1
95	2	8	118	128	10	7	2400	0	2	0	1	0	-1
101	3	6	137	137	0	0	2400	0	0	0	1	1	-1
101	3	6	137	137	0	1	2400	0	0	0	1	1	-1
101	3	6	137	137	0	2	2400	0	0	0	1	1	-1
101	3	6	137	137	0	3	2400	0	0	0	1	1	-1
101	3	6	137	137	0	4	2400	0	0	0	1	1	-1
101	3	6	137	137	0	5	2400	0	0	0	1	1	-1
101	3	6	137	137	0	6	2400	0	0	0	1	1	-1
101	3	6	137	137	0	7	2400	0	0	0	1	1	-1
102	3	7	137	137	0	0	2400	0	1	0	0	1	-1
102	3	7	137	137	0	1	2400	0	1	0	0	1	-1
102	3	7	137	137	0	2	2400	0	1	0	0	1	-1
102	3	7	137	137	0	3	2400	0	1	0	0	1	-1
102	3	7	137	137	0	4	2400	0	1	0	0	1	-1
102	3	7	137	137	0	5	2400	0	1	0	0	1	-1
102	3	7	137	137	0	6	2400	0	1	0	0	1	-1
102	3	7	137	137	0	7	2400	0	1	0	0	1	-1
104	3	7	137	137	0	0	120	0	2	0	0	0	-1
69	4	7	85	150	65	0	1200	0	2	0	0	0	-1
69	4	7	85	150	65	1	1200	0	2	0	0	0	-1
69	4	7	85	150	65	2	1200	0	2	0	0	0	-1
69	4	7	85	150	65	3	1200	0	2	0	0	0	-1
87	4	7	118	150	32	0	2400	0	2	0	0	0	-1
87	4	7	118	150	32	1	2400	0	2	0	0	0	-1
87	4	7	118	150	32	2	2400	0	2	0	0	0	-1
87	4	7	118	150	32	3	2400	0	2	0	0	0	-1
87	4	7	118	150	32	4	2400	0	2	0	0	0	-1
87	4	7	118	150	32	5	2400	0	2	0	0	0	-1
87	4	7	118	150	32	6	2400	0	2	0	0	0	-1
87	4	7	118	150	32	7	2400	0	2	0	0	0	-1
99	4	7	118	150	32	0	1200	0	2	0	0	0	-1
99	4	7	118	150	32	1	1200	0	2	0	0	0	-1
99	4	7	118	150	32	2	1200	0	2	0	0	0	-1
99	4	7	118	150	32	3	1200	0	2	0	0	0	-1
100	4	7	137	150	13	0	1200	0	2	0	0	0	-1
100	4	7	137	150	13	1	1200	0	2	0	0	0	-1
100	4	7	137	150	13	2	1200	0	2	0	0	0	-1
100	4	7	137	150	13	3	1200	0	2	0	0	0	-1
63	4	8	85	150	65	0	1200	0	3	0	0	0	-1
63	4	8	85	150	65	1	1200	0	3	0	0	0	-1
63	4	8	85	150	65	2	1200	0	3	0	0	0	-1
63	4	8	85	150	65	3	1200	0	3	0	0	0	-1
65	4	8	85	150	65	0	2400	0	3	0	0	0	-1
65	4	8	85	150	65	1	2400	0	3	0	0	0	-1
65	4	8	85	150	65	2	2400	0	3	0	0	0	-1
65	4	8	85	150	65	3	2400	0	3	0	0	0	-1
65	4	8	85	150	65	4	2400	0	3	0	0	0	-1
65	4	8	85	150	65	5	2400	0	3	0	0	0	-1
65	4	8	85	150	65	6	2400	0	3	0	0	0	-1
65	4	8	85	150	65	7	2400	0	3	0	0	0	-1
82	4	8	99	150	51	0	120	0	3	0	0	0	-1
68	4	6	85	152	67	0	120	0	3	0	0	0	-1
71	4	6	85	152	67	0	1200	0	3	0	0	0	-1
71	4	6	85	152	67	1	1200	0	3	0	0	0	-1
71	4	6	85	152	67	2	1200	0	3	0	0	0	-1
71	4	6	85	152	67	3	1200	0	3	0	0	0	-1
78	4	6	99	152	53	0	3600	0	3	0	0	0	-1
78	4	6	99	152	53	1	3600	0	3	0	0	0	-1
78	4	6	99	152	53	2	3600	0	3	0	0	0	-1
78	4	6	99	152	53	3	3600	0	3	0	0	0	-1
78	4	6	99	152	53	4	3600	0	3	0	0	0	-1
78	4	6	99	152	53	5	3600	0	3	0	0	0	-1
78	4	6	99	152	53	6	3600	0	3	0	0	0	-1
78	4	6	99	152	53	7	3600	0	3	0	0	0	-1
78	4	6	99	152	53	8	3600	0	3	0	0	0	-1
78	4	6	99	152	53	9	3600	0	3	0	0	0	-1
78	4	6	99	152	53	10	3600	0	3	0	0	0	-1
78	4	6	99	152	53	11	3600	0	3	0	0	0	-1
24	4	5	22	165	143	0	120	0	4	0	0	0	-1
67	1	5	85	165	80	0	120	0	6	0	0	0	-1
97	0	5	118	165	47	0	120	0	2	0	0	0	-1
16	4	5	22	166	144	0	2400	0	3	0	1	0	-1
16	4	5	22	166	144	1	2400	0	3	0	1	0	-1
16	4	5	22	166	144	2	2400	0	3	0	1	0	-1
16	4	5	22	166	144	3	2400	0	3	0	1	0	-1
16	4	5	22	166	144	4	2400	0	3	0	1	0	-1
16	4	5	22	166	144	5	2400	0	3	0	1	0	-1
16	4	5	22	166	144	6	2400	0	3	0	1	0	-1
16	4	5	22	166	144	7	2400	0	3	0	1	0	-1
85	3	5	99	166	67	0	2400	0	2	0	2	0	-1
85	3	5	99	166	67	1	2400	0	2	0	2	0	-1
85	3	5	99	166	67	2	2400	0	2	0	2	0	-1
85	3	5	99	166	67	3	2400	0	2	0	2	0	-1
85	3	5	99	166	67	4	2400	0	2	0	2	0	-1
85	3	5	99	166	67	5	2400	0	2	0	2	0	-1
85	3	5	99	166	67	6	2400	0	2	0	2	0	-1
85	3	5	99	166	67	7	2400	0	2	0	2	0	-1
54	1	5	70	166	96	0	2400	0	2	0	3	0	-1
54	1	5	70	166	96	1	2400	0	2	0	3	0	-1
54	1	5	70	166	96	2	2400	0	2	0	3	0	-1
54	1	5	70	166	96	3	2400	0	2	0	3	0	-1
54	1	5	70	166	96	4	2400	0	2	0	3	0	-1
54	1	5	70	166	96	5	2400	0	2	0	3	0	-1
54	1	5	70	166	96	6	2400	0	2	0	3	0	-1
54	1	5	70	166	96	7	2400	0	2	0	3	0	-1
73	2	5	85	166	81	0	3600	0	2	0	3	0	-1
73	2	5	85	166	81	1	3600	0	2	0	3	0	-1
73	2	5	85	166	81	2	3600	0	2	0	3	0	-1
73	2	5	85	166	81	3	3600	0	2	0	3	0	-1
73	2	5	85	166	81	4	3600	0	2	0	3	0	-1
73	2	5	85	166	81	5	3600	0	2	0	3	0	-1
73	2	5	85	166	81	6	3600	0	2	0	3	0	-1
73	2	5	85	166	81	7	3600	0	2	0	3	0	-1
73	2	5	85	166	81	8	3600	0	2	0	3	0	-1
73	2	5	85	166	81	9	3600	0	2	0	3	0	-1
73	2	5	85	166	81	10	3600	0	2	0	3	0	-1
73	2	5	85	166	81	11	3600	0	2	0	3	0	-1
94	0	5	118	166	48	0	2400	0	1	0	1	0	-1
94	0	5	118	166	48	1	2400	0	1	0	1	0	-1
94	0	5	118	166	48	2	2400	0	1	0	1	0	-1
94	0	5	118	166	48	3	2400	0	1	0	1	0	-1
94	0	5	118	166	48	4	2400	0	1	0	1	0	-1
94	0	5	118	166	48	5	2400	0	1	0	1	0	-1
94	0	5	118	166	48	6	2400	0	1	0	1	0	-1
94	0	5	118	166	48	7	2400	0	1	0	1	0	-1
76	1	5	99	166	67	0	3600	0	1	0	3	0	-1
76	1	5	99	166	67	1	3600	0	1	0	3	0	-1
76	1	5	99	166	67	2	3600	0	1	0	3	0	-1
76	1	5	99	166	67	3	3600	0	1	0	3	0	-1
76	1	5	99	166	67	4	3600	0	1	0	3	0	-1
76	1	5	99	166	67	5	3600	0	1	0	3	0	-1
76	1	5	99	166	67	6	3600	0	1	0	3	0	-1
76	1	5	99	166	67	7	3600	0	1	0	3	0	-1
76	1	5	99	166	67	8	3600	0	1	0	3	0	-1
76	1	5	99	166	67	9	3600	0	1	0	3	0	-1
76	1	5	99	166	67	10	3600	0	1	0	3	0	-1
76	1	5	99	166	67	11	3600	0	1	0	3	0	-1
77	1	5	99	166	67	0	2400	0	1	0	3	0	-1
77	1	5	99	166	67	1	2400	0	1	0	3	0	-1
77	1	5	99	166	67	2	2400	0	1	0	3	0	-1
77	1	5	99	166	67	3	2400	0	1	0	3	0	-1
77	1	5	99	166	67	4	2400	0	1	0	3	0	-1
77	1	5	99	166	67	5	2400	0	1	0	3	0	-1
77	1	5	99	166	67	6	2400	0	1	0	3	0	-1
77	1	5	99	166	67	7	2400	0	1	0	3	0	-1
103	1	7	137	175	38	0	1200	0	3	0	1	0	-1
103	1	7	137	175	38	1	1200	0	3	0	1	0	-1
103	1	7	137	175	38	2	1200	0	3	0	1	0	-1
103	1	7	137	175	38	3	1200	0	3	0	1	0	-1
