#i j s ts 
0 9 0 0 = 1.0
0 9 0 1 = 1.0
0 9 0 2 = 1.0
0 9 0 3 = 1.0
0 9 0 4 = 1.0
0 9 0 5 = 1.0
0 9 0 6 = 1.0
0 9 0 7 = 1.0
0 9 0 9 = 1.0
0 9 0 10 = 1.0
0 9 0 14 = 1.0
0 9 0 15 = 1.0
0 9 0 16 = 1.0
0 9 0 27 = 1.0
0 9 0 28 = 1.0
0 9 0 29 = 1.0
0 9 0 30 = 1.0
0 9 0 31 = 1.0
0 9 0 32 = 1.0
0 9 0 33 = 1.0
0 9 0 34 = 1.0
0 9 0 35 = 1.0
0 9 0 36 = 1.0
0 9 0 37 = 1.0
0 9 0 38 = 1.0
0 9 0 39 = 1.0
0 9 0 40 = 1.0
0 9 0 41 = 1.0
0 9 0 42 = 1.0
0 9 0 43 = 1.0
0 9 0 44 = 1.0
0 9 0 45 = 1.0
0 9 0 46 = 1.0
0 9 0 47 = 1.0
0 9 0 48 = 1.0
0 9 2 5 = 1.0
0 9 2 6 = 1.0
0 9 2 35 = 1.0
0 9 2 36 = 1.0
0 9 2 37 = 1.0
0 9 2 38 = 1.0
0 9 2 39 = 1.0
0 10 0 0 = 1.0
0 10 0 28 = 1.0
0 10 0 29 = 1.0
0 10 0 30 = 1.0
0 10 0 31 = 1.0
0 10 0 32 = 1.0
0 10 0 33 = 1.0
0 10 0 34 = 1.0
0 10 0 35 = 1.0
0 10 0 36 = 1.0
0 10 0 54 = 1.0
0 10 0 55 = 1.0
0 10 0 56 = 1.0
0 10 0 57 = 1.0
0 10 0 58 = 1.0
0 10 0 59 = 1.0
0 15 0 32 = 1.0
0 15 0 35 = 1.0
0 18 0 51 = 1.0
0 18 0 52 = 1.0
0 18 0 53 = 1.0
1 10 0 12 = 1.0
1 10 0 13 = 1.0
1 10 0 14 = 1.0
1 10 0 15 = 1.0
1 10 0 16 = 1.0
1 10 0 17 = 1.0
1 10 2 13 = 1.0
2 10 0 7 = 1.0
2 10 0 8 = 1.0
2 10 0 9 = 1.0
2 10 0 20 = 1.0
2 10 0 21 = 1.0
2 10 0 22 = 1.0
3 9 0 0 = 1.0
3 9 0 1 = 1.0
3 9 0 2 = 1.0
3 9 0 3 = 1.0
3 9 0 4 = 1.0
3 9 0 5 = 1.0
3 9 0 6 = 1.0
3 9 0 7 = 1.0
3 9 0 9 = 1.0
3 9 0 10 = 1.0
3 9 0 14 = 1.0
3 9 0 15 = 1.0
3 9 0 16 = 1.0
3 9 0 27 = 1.0
3 9 0 28 = 1.0
3 9 0 29 = 1.0
3 9 0 30 = 1.0
3 9 0 31 = 1.0
3 9 0 32 = 1.0
3 9 0 33 = 1.0
3 9 0 34 = 1.0
3 9 0 35 = 1.0
3 9 0 36 = 1.0
3 9 0 37 = 1.0
3 9 0 38 = 1.0
3 9 0 39 = 1.0
3 9 0 40 = 1.0
3 9 0 41 = 1.0
3 9 0 42 = 1.0
3 9 0 43 = 1.0
3 9 1 0 = 1.0
3 9 2 0 = 1.0
3 9 2 1 = 1.0
3 9 2 2 = 1.0
3 9 2 3 = 1.0
3 9 2 4 = 1.0
3 9 2 5 = 1.0
3 9 2 6 = 1.0
3 9 2 7 = 1.0
3 9 2 9 = 1.0
3 9 2 10 = 1.0
3 9 2 14 = 1.0
3 9 2 15 = 1.0
3 9 2 16 = 1.0
3 9 2 27 = 1.0
3 9 2 28 = 1.0
3 9 2 29 = 1.0
3 9 2 30 = 1.0
3 9 2 31 = 1.0
3 9 2 32 = 1.0
3 9 2 33 = 1.0
3 9 2 34 = 1.0
3 9 2 35 = 1.0
3 9 2 36 = 1.0
3 9 2 37 = 1.0
3 9 2 38 = 1.0
3 9 2 39 = 1.0
3 9 2 40 = 1.0
3 9 3 0 = 1.0
3 9 3 1 = 1.0
3 10 0 0 = 1.0
3 10 0 1 = 1.0
3 10 0 2 = 1.0
3 10 0 3 = 1.0
3 10 0 4 = 1.0
3 10 0 5 = 1.0
3 10 0 24 = 1.0
3 10 0 25 = 1.0
3 10 0 26 = 1.0
3 10 0 27 = 1.0
3 10 0 28 = 1.0
3 10 0 29 = 1.0
3 10 0 30 = 1.0
3 10 0 31 = 1.0
3 10 0 32 = 1.0
3 10 0 33 = 1.0
3 10 0 34 = 1.0
3 10 0 58 = 1.0
3 10 0 59 = 1.0
3 10 1 0 = 1.0
3 10 1 27 = 1.0
3 10 2 0 = 1.0
3 10 2 1 = 1.0
3 10 2 2 = 1.0
3 10 2 26 = 1.0
3 10 2 27 = 1.0
3 10 2 28 = 1.0
3 10 2 29 = 1.0
3 10 2 30 = 1.0
3 10 2 31 = 1.0
3 10 3 0 = 1.0
3 10 3 27 = 1.0
3 10 3 28 = 1.0
3 15 0 32 = 1.0
3 15 0 35 = 1.0
3 15 2 32 = 1.0
3 15 2 35 = 1.0
3 18 0 51 = 1.0
3 18 0 52 = 1.0
3 18 0 53 = 1.0
3 18 2 51 = 1.0
3 18 2 52 = 1.0
3 18 2 53 = 1.0
5 14 0 37 = 1.0
5 14 0 38 = 1.0
5 14 1 37 = 1.0
5 14 1 38 = 1.0
5 14 2 37 = 1.0
5 14 2 38 = 1.0
5 14 3 37 = 1.0
5 14 3 38 = 1.0
6 9 0 0 = 1.0
6 9 0 1 = 1.0
6 9 0 2 = 1.0
6 9 0 3 = 1.0
6 9 0 4 = 1.0
6 9 0 5 = 1.0
6 9 0 6 = 1.0
6 9 0 7 = 1.0
6 9 0 9 = 1.0
6 9 0 10 = 1.0
6 9 0 14 = 1.0
6 9 0 15 = 1.0
6 9 0 16 = 1.0
6 9 0 27 = 1.0
6 9 0 28 = 1.0
6 9 0 29 = 1.0
6 9 0 30 = 1.0
6 9 0 31 = 1.0
6 9 0 32 = 1.0
6 9 0 33 = 1.0
6 9 0 34 = 1.0
6 9 0 35 = 1.0
6 9 0 36 = 1.0
6 9 0 37 = 1.0
6 9 0 38 = 1.0
6 9 0 39 = 1.0
6 9 0 40 = 1.0
6 9 2 0 = 1.0
6 9 2 1 = 1.0
6 10 0 0 = 1.0
6 10 0 1 = 1.0
6 10 0 2 = 1.0
6 10 0 3 = 1.0
6 10 0 4 = 1.0
6 10 0 5 = 1.0
6 10 0 6 = 1.0
6 10 0 23 = 1.0
6 10 0 24 = 1.0
6 10 0 25 = 1.0
6 10 0 26 = 1.0
6 10 0 27 = 1.0
6 10 0 28 = 1.0
6 10 0 29 = 1.0
6 10 0 30 = 1.0
6 10 0 31 = 1.0
6 10 2 0 = 1.0
6 10 2 1 = 1.0
6 10 2 2 = 1.0
6 10 2 3 = 1.0
6 10 2 4 = 1.0
6 10 2 25 = 1.0
6 10 2 26 = 1.0
6 10 2 27 = 1.0
6 10 2 28 = 1.0
6 15 0 32 = 1.0
6 15 0 35 = 1.0
6 18 0 51 = 1.0
6 18 0 52 = 1.0
6 18 0 53 = 1.0
7 9 0 1 = 1.0
7 9 0 2 = 1.0
7 9 0 3 = 1.0
7 9 0 4 = 1.0
7 9 0 5 = 1.0
7 9 0 6 = 1.0
7 9 0 7 = 1.0
7 9 0 34 = 1.0
7 9 0 35 = 1.0
7 9 0 36 = 1.0
7 9 0 37 = 1.0
7 9 0 38 = 1.0
7 9 0 39 = 1.0
7 9 0 40 = 1.0
7 9 0 41 = 1.0
7 9 0 42 = 1.0
7 9 0 43 = 1.0
7 9 0 44 = 1.0
7 9 0 45 = 1.0
7 9 0 46 = 1.0
7 9 0 47 = 1.0
7 9 0 48 = 1.0
7 9 0 49 = 1.0
7 9 1 44 = 1.0
7 9 1 45 = 1.0
7 9 1 46 = 1.0
7 9 1 47 = 1.0
7 9 2 40 = 1.0
7 9 2 41 = 1.0
7 9 2 42 = 1.0
7 9 2 43 = 1.0
7 9 2 44 = 1.0
7 9 2 45 = 1.0
7 9 2 46 = 1.0
7 9 2 47 = 1.0
7 9 2 48 = 1.0
7 9 3 43 = 1.0
7 9 3 44 = 1.0
7 9 3 45 = 1.0
7 9 3 46 = 1.0
7 9 3 47 = 1.0
7 10 0 28 = 1.0
7 10 0 29 = 1.0
7 10 0 30 = 1.0
7 10 0 31 = 1.0
7 10 0 32 = 1.0
7 10 0 33 = 1.0
7 10 0 34 = 1.0
7 10 0 35 = 1.0
7 10 0 36 = 1.0
7 10 0 37 = 1.0
7 10 0 53 = 1.0
7 10 0 54 = 1.0
7 10 0 55 = 1.0
7 10 0 56 = 1.0
7 10 0 57 = 1.0
7 10 0 58 = 1.0
7 10 0 59 = 1.0
7 10 1 35 = 1.0
7 10 1 55 = 1.0
7 10 1 56 = 1.0
7 10 1 57 = 1.0
7 10 2 32 = 1.0
7 10 2 33 = 1.0
7 10 2 34 = 1.0
7 10 2 35 = 1.0
7 10 2 36 = 1.0
7 10 2 54 = 1.0
7 10 2 55 = 1.0
7 10 2 56 = 1.0
7 10 2 57 = 1.0
7 10 2 58 = 1.0
7 10 2 59 = 1.0
7 10 3 35 = 1.0
7 10 3 55 = 1.0
7 10 3 56 = 1.0
7 10 3 57 = 1.0
8 9 0 0 = 1.0
8 9 0 1 = 1.0
8 9 0 2 = 1.0
8 9 0 3 = 1.0
8 9 0 4 = 1.0
8 9 0 5 = 1.0
8 9 0 6 = 1.0
8 9 0 7 = 1.0
8 9 0 9 = 1.0
8 9 0 10 = 1.0
8 9 0 14 = 1.0
8 9 0 15 = 1.0
8 9 0 16 = 1.0
8 9 0 27 = 1.0
8 9 0 28 = 1.0
8 9 0 29 = 1.0
8 9 0 30 = 1.0
8 9 0 31 = 1.0
8 9 0 32 = 1.0
8 9 0 33 = 1.0
8 9 0 34 = 1.0
8 9 0 35 = 1.0
8 9 0 36 = 1.0
8 9 0 37 = 1.0
8 9 0 38 = 1.0
8 9 0 39 = 1.0
8 9 0 40 = 1.0
8 9 0 41 = 1.0
8 9 2 6 = 1.0
8 9 2 7 = 1.0
8 9 2 9 = 1.0
8 9 2 10 = 1.0
8 9 2 14 = 1.0
8 9 2 15 = 1.0
8 9 2 16 = 1.0
8 9 2 27 = 1.0
8 9 2 28 = 1.0
8 9 2 29 = 1.0
8 9 2 30 = 1.0
8 9 2 31 = 1.0
8 9 2 32 = 1.0
8 9 2 33 = 1.0
8 9 2 34 = 1.0
8 9 2 35 = 1.0
8 10 0 0 = 1.0
8 10 0 1 = 1.0
8 10 0 2 = 1.0
8 10 0 3 = 1.0
8 10 0 4 = 1.0
8 10 0 5 = 1.0
8 10 0 24 = 1.0
8 10 0 26 = 1.0
8 10 0 27 = 1.0
8 10 0 28 = 1.0
8 10 0 29 = 1.0
8 10 0 30 = 1.0
8 10 0 31 = 1.0
8 10 0 32 = 1.0
8 15 0 32 = 1.0
8 15 0 35 = 1.0
8 15 2 32 = 1.0
8 15 2 35 = 1.0
8 18 0 51 = 1.0
8 18 0 52 = 1.0
8 18 0 53 = 1.0
8 18 2 51 = 1.0
8 18 2 52 = 1.0
8 18 2 53 = 1.0
9 0 0 0 = 1.0
9 0 0 1 = 1.0
9 0 0 2 = 1.0
9 0 0 3 = 1.0
9 0 0 4 = 1.0
9 0 0 5 = 1.0
9 0 0 6 = 1.0
9 0 0 7 = 1.0
9 0 0 9 = 1.0
9 0 0 10 = 1.0
9 0 0 14 = 1.0
9 0 0 15 = 1.0
9 0 0 16 = 1.0
9 0 0 27 = 1.0
9 0 0 28 = 1.0
9 0 0 29 = 1.0
9 0 0 30 = 1.0
9 0 0 31 = 1.0
9 0 0 32 = 1.0
9 0 0 33 = 1.0
9 0 0 34 = 1.0
9 0 0 35 = 1.0
9 0 0 36 = 1.0
9 0 0 37 = 1.0
9 0 0 38 = 1.0
9 0 0 39 = 1.0
9 0 0 40 = 1.0
9 0 0 41 = 1.0
9 0 0 42 = 1.0
9 0 0 43 = 1.0
9 0 0 44 = 1.0
9 0 0 45 = 1.0
9 0 0 46 = 1.0
9 0 0 47 = 1.0
9 0 0 48 = 1.0
9 0 2 5 = 1.0
9 0 2 6 = 1.0
9 0 2 35 = 1.0
9 0 2 36 = 1.0
9 0 2 37 = 1.0
9 0 2 38 = 1.0
9 0 2 39 = 1.0
9 3 0 0 = 1.0
9 3 0 1 = 1.0
9 3 0 2 = 1.0
9 3 0 3 = 1.0
9 3 0 4 = 1.0
9 3 0 5 = 1.0
9 3 0 6 = 1.0
9 3 0 7 = 1.0
9 3 0 9 = 1.0
9 3 0 10 = 1.0
9 3 0 14 = 1.0
9 3 0 15 = 1.0
9 3 0 16 = 1.0
9 3 0 27 = 1.0
9 3 0 28 = 1.0
9 3 0 29 = 1.0
9 3 0 30 = 1.0
9 3 0 31 = 1.0
9 3 0 32 = 1.0
9 3 0 33 = 1.0
9 3 0 34 = 1.0
9 3 0 35 = 1.0
9 3 0 36 = 1.0
9 3 0 37 = 1.0
9 3 0 38 = 1.0
9 3 0 39 = 1.0
9 3 0 40 = 1.0
9 3 0 41 = 1.0
9 3 0 42 = 1.0
9 3 0 43 = 1.0
9 3 1 0 = 1.0
9 3 2 0 = 1.0
9 3 2 1 = 1.0
9 3 2 2 = 1.0
9 3 2 3 = 1.0
9 3 2 4 = 1.0
9 3 2 5 = 1.0
9 3 2 6 = 1.0
9 3 2 7 = 1.0
9 3 2 9 = 1.0
9 3 2 10 = 1.0
9 3 2 14 = 1.0
9 3 2 15 = 1.0
9 3 2 16 = 1.0
9 3 2 27 = 1.0
9 3 2 28 = 1.0
9 3 2 29 = 1.0
9 3 2 30 = 1.0
9 3 2 31 = 1.0
9 3 2 32 = 1.0
9 3 2 33 = 1.0
9 3 2 34 = 1.0
9 3 2 35 = 1.0
9 3 2 36 = 1.0
9 3 2 37 = 1.0
9 3 2 38 = 1.0
9 3 2 39 = 1.0
9 3 2 40 = 1.0
9 3 3 0 = 1.0
9 3 3 1 = 1.0
9 6 0 0 = 1.0
9 6 0 1 = 1.0
9 6 0 2 = 1.0
9 6 0 3 = 1.0
9 6 0 4 = 1.0
9 6 0 5 = 1.0
9 6 0 6 = 1.0
9 6 0 7 = 1.0
9 6 0 9 = 1.0
9 6 0 10 = 1.0
9 6 0 14 = 1.0
9 6 0 15 = 1.0
9 6 0 16 = 1.0
9 6 0 27 = 1.0
9 6 0 28 = 1.0
9 6 0 29 = 1.0
9 6 0 30 = 1.0
9 6 0 31 = 1.0
9 6 0 32 = 1.0
9 6 0 33 = 1.0
9 6 0 34 = 1.0
9 6 0 35 = 1.0
9 6 0 36 = 1.0
9 6 0 37 = 1.0
9 6 0 38 = 1.0
9 6 0 39 = 1.0
9 6 0 40 = 1.0
9 6 2 0 = 1.0
9 6 2 1 = 1.0
9 7 0 1 = 1.0
9 7 0 2 = 1.0
9 7 0 3 = 1.0
9 7 0 4 = 1.0
9 7 0 5 = 1.0
9 7 0 6 = 1.0
9 7 0 7 = 1.0
9 7 0 34 = 1.0
9 7 0 35 = 1.0
9 7 0 36 = 1.0
9 7 0 37 = 1.0
9 7 0 38 = 1.0
9 7 0 39 = 1.0
9 7 0 40 = 1.0
9 7 0 41 = 1.0
9 7 0 42 = 1.0
9 7 0 43 = 1.0
9 7 0 44 = 1.0
9 7 0 45 = 1.0
9 7 0 46 = 1.0
9 7 0 47 = 1.0
9 7 0 48 = 1.0
9 7 0 49 = 1.0
9 7 1 44 = 1.0
9 7 1 45 = 1.0
9 7 1 46 = 1.0
9 7 1 47 = 1.0
9 7 2 40 = 1.0
9 7 2 41 = 1.0
9 7 2 42 = 1.0
9 7 2 43 = 1.0
9 7 2 44 = 1.0
9 7 2 45 = 1.0
9 7 2 46 = 1.0
9 7 2 47 = 1.0
9 7 2 48 = 1.0
9 7 3 43 = 1.0
9 7 3 44 = 1.0
9 7 3 45 = 1.0
9 7 3 46 = 1.0
9 7 3 47 = 1.0
9 8 0 0 = 1.0
9 8 0 1 = 1.0
9 8 0 2 = 1.0
9 8 0 3 = 1.0
9 8 0 4 = 1.0
9 8 0 5 = 1.0
9 8 0 6 = 1.0
9 8 0 7 = 1.0
9 8 0 9 = 1.0
9 8 0 10 = 1.0
9 8 0 14 = 1.0
9 8 0 15 = 1.0
9 8 0 16 = 1.0
9 8 0 27 = 1.0
9 8 0 28 = 1.0
9 8 0 29 = 1.0
9 8 0 30 = 1.0
9 8 0 31 = 1.0
9 8 0 32 = 1.0
9 8 0 33 = 1.0
9 8 0 34 = 1.0
9 8 0 35 = 1.0
9 8 0 36 = 1.0
9 8 0 37 = 1.0
9 8 0 38 = 1.0
9 8 0 39 = 1.0
9 8 0 40 = 1.0
9 8 0 41 = 1.0
9 8 2 6 = 1.0
9 8 2 7 = 1.0
9 8 2 9 = 1.0
9 8 2 10 = 1.0
9 8 2 14 = 1.0
9 8 2 15 = 1.0
9 8 2 16 = 1.0
9 8 2 27 = 1.0
9 8 2 28 = 1.0
9 8 2 29 = 1.0
9 8 2 30 = 1.0
9 8 2 31 = 1.0
9 8 2 32 = 1.0
9 8 2 33 = 1.0
9 8 2 34 = 1.0
9 8 2 35 = 1.0
9 10 0 0 = 1.0
9 10 0 1 = 1.0
9 10 0 2 = 1.0
9 10 0 27 = 1.0
9 10 0 28 = 1.0
9 10 0 29 = 1.0
9 10 0 30 = 1.0
9 10 0 31 = 1.0
9 10 0 32 = 1.0
9 10 0 33 = 1.0
9 10 0 34 = 1.0
9 10 0 35 = 1.0
9 10 0 36 = 1.0
9 10 0 48 = 1.0
9 10 0 49 = 1.0
9 10 0 50 = 1.0
9 10 0 106 = 1.0
9 10 0 107 = 1.0
9 10 0 108 = 1.0
9 10 0 109 = 1.0
9 10 0 110 = 1.0
9 10 0 111 = 1.0
9 10 0 112 = 1.0
9 10 0 122 = 1.0
9 10 0 123 = 1.0
9 10 0 124 = 1.0
9 10 0 125 = 1.0
9 10 0 126 = 1.0
9 10 0 127 = 1.0
9 10 0 182 = 1.0
9 10 0 183 = 1.0
9 10 0 184 = 1.0
9 10 0 203 = 1.0
9 10 0 204 = 1.0
9 10 0 205 = 1.0
9 10 0 206 = 1.0
9 10 0 207 = 1.0
9 10 1 0 = 1.0
9 10 1 109 = 1.0
9 10 1 125 = 1.0
9 10 1 205 = 1.0
9 10 2 0 = 1.0
9 10 2 1 = 1.0
9 10 2 27 = 1.0
9 10 2 28 = 1.0
9 10 2 29 = 1.0
9 10 2 30 = 1.0
9 10 2 31 = 1.0
9 10 2 49 = 1.0
9 10 2 50 = 1.0
9 10 2 108 = 1.0
9 10 2 109 = 1.0
9 10 2 110 = 1.0
9 10 2 111 = 1.0
9 10 2 124 = 1.0
9 10 2 125 = 1.0
9 10 2 126 = 1.0
9 10 2 127 = 1.0
9 10 2 183 = 1.0
9 10 2 204 = 1.0
9 10 2 205 = 1.0
9 10 2 206 = 1.0
9 10 3 0 = 1.0
9 10 3 109 = 1.0
9 10 3 125 = 1.0
9 10 3 183 = 1.0
9 10 3 205 = 1.0
9 15 0 32 = 1.0
9 15 0 35 = 1.0
9 15 1 32 = 1.0
9 15 2 32 = 1.0
9 15 2 35 = 1.0
9 15 3 32 = 1.0
10 0 0 0 = 1.0
10 0 0 28 = 1.0
10 0 0 29 = 1.0
10 0 0 30 = 1.0
10 0 0 31 = 1.0
10 0 0 32 = 1.0
10 0 0 33 = 1.0
10 0 0 34 = 1.0
10 0 0 35 = 1.0
10 0 0 36 = 1.0
10 0 0 54 = 1.0
10 0 0 55 = 1.0
10 0 0 56 = 1.0
10 0 0 57 = 1.0
10 0 0 58 = 1.0
10 0 0 59 = 1.0
10 1 0 12 = 1.0
10 1 0 13 = 1.0
10 1 0 14 = 1.0
10 1 0 15 = 1.0
10 1 0 16 = 1.0
10 1 0 17 = 1.0
10 1 2 13 = 1.0
10 2 0 7 = 1.0
10 2 0 8 = 1.0
10 2 0 9 = 1.0
10 2 0 20 = 1.0
10 2 0 21 = 1.0
10 2 0 22 = 1.0
10 3 0 0 = 1.0
10 3 0 1 = 1.0
10 3 0 2 = 1.0
10 3 0 3 = 1.0
10 3 0 4 = 1.0
10 3 0 5 = 1.0
10 3 0 24 = 1.0
10 3 0 25 = 1.0
10 3 0 26 = 1.0
10 3 0 27 = 1.0
10 3 0 28 = 1.0
10 3 0 29 = 1.0
10 3 0 30 = 1.0
10 3 0 31 = 1.0
10 3 0 32 = 1.0
10 3 0 33 = 1.0
10 3 0 34 = 1.0
10 3 0 58 = 1.0
10 3 0 59 = 1.0
10 3 1 0 = 1.0
10 3 1 27 = 1.0
10 3 2 0 = 1.0
10 3 2 1 = 1.0
10 3 2 2 = 1.0
10 3 2 26 = 1.0
10 3 2 27 = 1.0
10 3 2 28 = 1.0
10 3 2 29 = 1.0
10 3 2 30 = 1.0
10 3 2 31 = 1.0
10 3 3 0 = 1.0
10 3 3 27 = 1.0
10 3 3 28 = 1.0
10 6 0 0 = 1.0
10 6 0 1 = 1.0
10 6 0 2 = 1.0
10 6 0 3 = 1.0
10 6 0 4 = 1.0
10 6 0 5 = 1.0
10 6 0 6 = 1.0
10 6 0 23 = 1.0
10 6 0 24 = 1.0
10 6 0 25 = 1.0
10 6 0 26 = 1.0
10 6 0 27 = 1.0
10 6 0 28 = 1.0
10 6 0 29 = 1.0
10 6 0 30 = 1.0
10 6 0 31 = 1.0
10 6 2 0 = 1.0
10 6 2 1 = 1.0
10 6 2 2 = 1.0
10 6 2 3 = 1.0
10 6 2 4 = 1.0
10 6 2 25 = 1.0
10 6 2 26 = 1.0
10 6 2 27 = 1.0
10 6 2 28 = 1.0
10 7 0 28 = 1.0
10 7 0 29 = 1.0
10 7 0 30 = 1.0
10 7 0 31 = 1.0
10 7 0 32 = 1.0
10 7 0 33 = 1.0
10 7 0 34 = 1.0
10 7 0 35 = 1.0
10 7 0 36 = 1.0
10 7 0 37 = 1.0
10 7 0 53 = 1.0
10 7 0 54 = 1.0
10 7 0 55 = 1.0
10 7 0 56 = 1.0
10 7 0 57 = 1.0
10 7 0 58 = 1.0
10 7 0 59 = 1.0
10 7 1 35 = 1.0
10 7 1 55 = 1.0
10 7 1 56 = 1.0
10 7 1 57 = 1.0
10 7 2 32 = 1.0
10 7 2 33 = 1.0
10 7 2 34 = 1.0
10 7 2 35 = 1.0
10 7 2 36 = 1.0
10 7 2 54 = 1.0
10 7 2 55 = 1.0
10 7 2 56 = 1.0
10 7 2 57 = 1.0
10 7 2 58 = 1.0
10 7 2 59 = 1.0
10 7 3 35 = 1.0
10 7 3 55 = 1.0
10 7 3 56 = 1.0
10 7 3 57 = 1.0
10 8 0 0 = 1.0
10 8 0 1 = 1.0
10 8 0 2 = 1.0
10 8 0 3 = 1.0
10 8 0 4 = 1.0
10 8 0 5 = 1.0
10 8 0 24 = 1.0
10 8 0 26 = 1.0
10 8 0 27 = 1.0
10 8 0 28 = 1.0
10 8 0 29 = 1.0
10 8 0 30 = 1.0
10 8 0 31 = 1.0
10 8 0 32 = 1.0
10 9 0 0 = 1.0
10 9 0 1 = 1.0
10 9 0 2 = 1.0
10 9 0 27 = 1.0
10 9 0 28 = 1.0
10 9 0 29 = 1.0
10 9 0 30 = 1.0
10 9 0 31 = 1.0
10 9 0 32 = 1.0
10 9 0 33 = 1.0
10 9 0 34 = 1.0
10 9 0 35 = 1.0
10 9 0 36 = 1.0
10 9 0 48 = 1.0
10 9 0 49 = 1.0
10 9 0 50 = 1.0
10 9 0 106 = 1.0
10 9 0 107 = 1.0
10 9 0 108 = 1.0
10 9 0 109 = 1.0
10 9 0 110 = 1.0
10 9 0 111 = 1.0
10 9 0 112 = 1.0
10 9 0 122 = 1.0
10 9 0 123 = 1.0
10 9 0 124 = 1.0
10 9 0 125 = 1.0
10 9 0 126 = 1.0
10 9 0 127 = 1.0
10 9 0 182 = 1.0
10 9 0 183 = 1.0
10 9 0 184 = 1.0
10 9 0 203 = 1.0
10 9 0 204 = 1.0
10 9 0 205 = 1.0
10 9 0 206 = 1.0
10 9 0 207 = 1.0
10 9 1 0 = 1.0
10 9 1 109 = 1.0
10 9 1 125 = 1.0
10 9 1 205 = 1.0
10 9 2 0 = 1.0
10 9 2 1 = 1.0
10 9 2 27 = 1.0
10 9 2 28 = 1.0
10 9 2 29 = 1.0
10 9 2 30 = 1.0
10 9 2 31 = 1.0
10 9 2 49 = 1.0
10 9 2 50 = 1.0
10 9 2 108 = 1.0
10 9 2 109 = 1.0
10 9 2 110 = 1.0
10 9 2 111 = 1.0
10 9 2 124 = 1.0
10 9 2 125 = 1.0
10 9 2 126 = 1.0
10 9 2 127 = 1.0
10 9 2 183 = 1.0
10 9 2 204 = 1.0
10 9 2 205 = 1.0
10 9 2 206 = 1.0
10 9 3 0 = 1.0
10 9 3 109 = 1.0
10 9 3 125 = 1.0
10 9 3 183 = 1.0
10 9 3 205 = 1.0
10 15 0 32 = 1.0
14 5 0 37 = 1.0
14 5 0 38 = 1.0
14 5 1 37 = 1.0
14 5 1 38 = 1.0
14 5 2 37 = 1.0
14 5 2 38 = 1.0
14 5 3 37 = 1.0
14 5 3 38 = 1.0
15 0 0 32 = 1.0
15 0 0 35 = 1.0
15 3 0 32 = 1.0
15 3 0 35 = 1.0
15 3 2 32 = 1.0
15 3 2 35 = 1.0
15 6 0 32 = 1.0
15 6 0 35 = 1.0
15 8 0 32 = 1.0
15 8 0 35 = 1.0
15 8 2 32 = 1.0
15 8 2 35 = 1.0
15 9 0 32 = 1.0
15 9 0 35 = 1.0
15 9 1 32 = 1.0
15 9 2 32 = 1.0
15 9 2 35 = 1.0
15 9 3 32 = 1.0
15 10 0 32 = 1.0
18 0 0 51 = 1.0
18 0 0 52 = 1.0
18 0 0 53 = 1.0
18 3 0 51 = 1.0
18 3 0 52 = 1.0
18 3 0 53 = 1.0
18 3 2 51 = 1.0
18 3 2 52 = 1.0
18 3 2 53 = 1.0
18 6 0 51 = 1.0
18 6 0 52 = 1.0
18 6 0 53 = 1.0
18 8 0 51 = 1.0
18 8 0 52 = 1.0
18 8 0 53 = 1.0
18 8 2 51 = 1.0
18 8 2 52 = 1.0
18 8 2 53 = 1.0
