ID	s	d	ts	te	LLC	PID	size	hops	band usage	copies
12	2	5	0	2	2	1	600	3	1	0	2	0	1
12	2	5	0	4	4	0	600	4	0	0	4	0	1
5	2	5	0	5	5	1	600	5	0	0	5	0	1
5	2	5	0	6	6	0	600	5	1	0	3	1	1
11	0	3	0	8	8	0	60	5	2	0	1	2	1
14	1	4	18	20	2	1	600	2	1	0	0	1	1
17	2	5	18	21	3	3	2400	2	1	0	0	1	1
14	1	4	18	20	2	0	600	2	0	0	1	1	1
17	2	5	18	20	2	4	2400	2	1	0	0	1	1
4	1	4	0	26	26	0	60	3	0	0	1	2	1
17	2	5	18	21	3	2	2400	2	0	0	1	1	1
17	2	5	18	27	9	0	2400	5	1	0	0	4	1
21	0	3	18	23	5	5	2400	4	1	0	3	0	1
17	2	5	18	29	11	1	2400	5	1	0	1	3	1
21	0	3	18	29	11	6	2400	8	1	0	6	1	1
17	2	5	18	25	7	7	2400	3	0	0	1	2	1
15	2	5	18	28	10	1	600	5	1	0	0	4	1
17	2	5	18	26	8	6	2400	6	1	0	0	5	1
17	2	5	18	32	14	5	2400	4	0	0	3	1	1
21	0	3	18	29	11	7	2400	8	1	0	3	4	1
18	0	5	18	33	15	3	3000	7	1	0	5	1	1
18	0	5	18	34	16	0	3000	7	0	0	7	0	1
15	2	5	18	35	17	0	600	7	0	0	3	4	1
2	1	5	0	34	34	1	600	12	2	0	7	3	1
21	0	3	18	36	18	3	2400	7	1	0	4	2	1
21	0	3	18	37	19	1	2400	5	1	0	3	1	1
28	2	5	33	35	2	0	60	2	1	0	1	0	1
24	2	5	33	35	2	0	600	2	1	0	1	0	1
24	2	5	33	35	2	1	600	2	0	0	2	0	1
21	0	3	18	41	23	4	2400	5	1	0	3	1	1
6	0	5	0	43	43	4	3000	9	0	0	5	4	1
31	1	4	33	40	7	0	600	2	1	0	0	1	1
6	0	5	0	36	36	5	3000	9	0	0	5	4	1
21	0	3	18	45	27	2	2400	3	1	0	0	2	1
31	1	4	33	40	7	1	600	2	0	0	1	1	1
6	0	5	0	29	29	7	3000	6	0	0	5	1	1
9	0	3	0	45	45	0	600	5	1	0	2	2	1
23	0	4	18	39	21	1	600	5	1	0	3	1	1
2	1	5	0	47	47	0	600	16	2	0	4	10	1
9	0	3	0	43	43	1	600	6	1	0	2	3	1
7	0	4	0	40	40	0	60	7	0	0	3	4	1
21	0	3	18	45	27	0	2400	5	2	0	2	1	1
23	0	4	18	46	28	0	600	6	1	0	1	4	1
34	0	3	47	54	7	0	3000	5	4	0	1	0	1
38	2	5	47	61	14	0	60	2	1	0	0	1	1
29	1	5	33	60	27	8	3000	9	1	0	4	4	1
34	0	3	47	62	15	9	3000	3	2	0	1	0	1
29	1	5	33	61	28	4	3000	7	0	0	4	3	1
18	0	5	18	67	49	5	3000	7	1	0	2	4	1
41	2	5	67	69	2	1	600	3	1	0	2	0	1
22	0	5	18	66	48	0	60	7	0	0	3	4	1
3	0	5	0	64	64	0	600	9	1	0	3	5	1
18	0	5	18	71	53	9	3000	8	0	0	6	2	1
41	2	5	67	72	5	0	600	3	1	0	1	1	1
6	0	5	0	67	67	6	3000	10	0	0	3	7	1
18	0	5	18	74	56	7	3000	8	0	0	4	4	1
6	0	5	0	74	74	3	3000	11	1	0	3	7	1
13	1	5	18	78	60	0	600	13	0	0	7	6	1
29	1	5	33	56	23	9	3000	5	0	0	3	2	1
16	0	5	18	61	43	0	600	7	0	0	4	3	1
18	0	5	18	60	42	1	3000	5	0	0	3	2	1
36	1	3	47	83	36	0	60	18	8	0	6	4	1
18	0	5	18	61	43	2	3000	5	0	0	4	1	1
18	0	5	18	83	65	4	3000	6	0	0	3	3	1
18	0	5	18	61	43	6	3000	9	1	0	4	4	1
40	1	4	67	90	23	0	600	2	1	0	0	1	1
40	1	4	67	90	23	1	600	2	0	0	1	1	1
37	2	4	47	91	44	0	600	16	0	0	4	12	1
37	2	4	47	86	39	1	600	12	0	0	1	11	1
32	2	4	33	98	65	5	3000	9	0	0	1	8	1
32	2	4	33	99	66	8	3000	14	1	0	5	8	1
1	0	4	0	100	100	0	60	20	1	0	9	10	1
32	2	4	33	101	68	7	3000	14	0	0	3	11	1
32	2	4	33	102	69	0	3000	23	3	0	15	5	1
19	2	4	18	102	84	7	2400	23	0	0	4	19	1
32	2	4	33	96	63	2	3000	16	1	0	6	9	1
55	2	5	98	100	2	0	60	2	1	0	0	1	1
32	2	4	33	100	67	6	3000	13	0	0	2	11	1
51	2	5	98	100	2	0	600	2	1	0	0	1	1
51	2	5	98	100	2	1	600	2	0	0	1	1	1
44	2	5	78	107	29	0	60	8	1	0	0	7	1
46	1	5	78	109	31	9	3000	9	1	0	5	3	1
45	2	5	78	103	25	0	600	2	0	0	1	1	1
45	2	5	78	107	29	1	600	4	1	0	0	3	1
0	0	5	0	107	107	1	600	22	1	0	10	11	1
32	2	4	33	109	76	9	3000	14	2	0	3	9	1
46	1	5	78	112	34	3	3000	12	2	0	5	5	1
19	2	4	18	109	91	3	2400	16	1	0	4	11	1
50	1	3	98	113	15	0	600	5	1	0	3	1	1
6	0	5	0	107	107	9	3000	16	0	0	5	11	1
19	2	4	18	99	81	4	2400	19	0	0	4	15	1
10	0	5	0	114	114	0	60	9	0	0	4	5	1
19	2	4	18	110	92	6	2400	19	2	0	7	10	1
29	1	5	33	115	82	1	3000	14	0	0	9	5	1
46	1	5	78	114	36	1	3000	11	1	0	3	7	1
46	1	5	78	115	37	7	3000	9	1	0	7	1	1
35	1	5	47	114	67	1	2400	19	1	0	7	11	1
62	1	4	118	120	2	0	60	3	1	0	2	0	1
63	2	3	118	120	2	0	60	2	2	0	0	0	1
35	1	5	47	113	66	7	2400	12	1	0	8	3	1
57	1	4	118	120	2	0	600	3	0	0	3	0	1
57	1	4	118	120	2	1	600	3	0	0	3	0	1
16	0	5	18	116	98	1	600	26	0	0	14	12	1
19	2	4	18	117	99	2	2400	22	1	0	11	10	1
18	0	5	18	122	104	8	3000	26	0	0	11	15	1
32	2	4	33	120	87	4	3000	13	0	0	3	10	1
29	1	5	33	101	68	2	3000	16	1	0	11	4	1
69	1	3	118	140	22	0	600	3	2	0	1	0	1
74	2	5	135	141	6	0	600	2	1	0	0	1	1
81	2	5	135	140	5	0	60	2	1	0	0	1	1
74	2	5	135	140	5	1	600	2	0	0	1	1	1
68	2	5	118	147	29	0	60	6	1	0	0	5	1
48	0	3	78	146	68	0	60	3	3	0	0	0	1
59	2	5	118	148	30	0	600	3	1	0	1	1	1
34	0	3	47	143	96	5	3000	3	0	0	3	0	1
58	2	5	118	143	25	0	60	2	0	0	1	1	1
79	2	5	135	147	12	0	60	2	1	0	0	1	1
69	1	3	118	150	32	1	600	5	1	0	4	0	1
59	2	5	118	150	32	1	600	4	0	0	2	2	1
47	0	5	78	154	76	0	2400	10	1	0	7	2	1
6	0	5	0	153	153	2	3000	24	1	0	6	17	1
34	0	3	47	155	108	4	3000	7	1	0	6	0	1
54	1	5	98	140	42	0	60	17	0	0	7	10	1
46	1	5	78	150	72	8	3000	14	0	0	7	7	1
29	1	5	33	141	108	0	3000	16	0	0	6	10	1
6	0	5	0	58	58	1	3000	8	0	0	3	5	1
6	0	5	0	101	101	0	3000	11	0	0	8	3	1
85	1	4	152	160	8	7	2400	2	1	0	0	1	1
85	1	4	152	160	8	0	2400	2	0	0	1	1	1
3	0	5	0	101	101	1	600	10	1	0	4	5	1
85	1	4	152	166	14	5	2400	3	1	0	1	1	1
34	0	3	47	166	119	7	3000	4	2	0	2	0	1
85	1	4	152	160	8	1	2400	2	0	0	0	2	1
85	1	4	152	168	16	6	2400	3	0	0	0	3	1
34	0	3	47	167	120	6	3000	6	1	0	4	1	1
85	1	4	152	169	17	4	2400	5	0	0	1	4	1
34	0	3	47	154	107	8	3000	3	0	0	2	1	1
75	1	4	135	170	35	0	600	4	0	0	1	3	1
76	1	4	135	170	35	0	60	4	0	0	1	3	1
34	0	3	47	154	107	1	3000	3	0	0	2	1	1
75	1	4	135	170	35	1	600	4	0	0	2	2	1
85	1	4	152	172	20	3	2400	4	1	0	1	2	1
88	1	4	171	174	3	0	2400	2	1	0	1	0	1
93	1	4	171	174	3	0	600	2	0	0	2	0	1
88	1	4	171	174	3	2	2400	2	0	0	2	0	1
88	1	4	171	174	3	6	2400	2	0	0	1	1	1
88	1	4	171	174	3	4	2400	2	0	0	1	1	1
71	2	4	135	173	38	0	60	15	1	0	5	9	1
67	0	4	118	169	51	1	600	7	0	0	4	3	1
67	0	4	118	170	52	0	600	11	0	0	6	5	1
34	0	3	47	177	130	2	3000	4	1	0	1	2	1
39	0	4	67	170	103	0	60	8	1	0	1	6	1
34	0	3	47	152	105	3	3000	2	1	0	0	1	1
85	1	4	152	180	28	2	2400	3	0	0	1	2	1
88	1	4	171	181	10	1	2400	2	1	0	0	1	1
96	2	5	171	180	9	0	600	2	1	0	0	1	1
100	1	4	171	180	9	4	3000	2	0	0	1	1	1
102	2	5	171	180	9	1	600	2	1	0	0	1	1
93	1	4	171	181	10	1	600	2	0	0	1	1	1
96	2	5	171	180	9	1	600	2	0	0	1	1	1
100	1	4	171	180	9	3	3000	2	0	0	0	2	1
102	2	5	171	187	16	0	600	8	1	0	0	7	1
94	0	3	171	187	16	7	2400	5	1	0	1	3	1
100	1	4	171	181	10	0	3000	2	0	0	0	2	1
83	0	5	152	189	37	0	3000	13	1	0	7	5	1
92	0	3	171	188	17	0	60	5	1	0	1	3	1
100	1	4	171	186	15	8	3000	4	1	0	1	2	1
80	1	5	135	189	54	0	600	8	1	0	5	2	1
88	1	4	171	185	14	5	2400	2	0	0	1	1	1
83	0	5	152	188	36	9	3000	6	1	0	2	3	1
94	0	3	171	190	19	6	2400	7	1	0	2	4	1
114	1	4	190	192	2	0	600	3	0	0	3	0	1
47	0	5	78	183	105	6	2400	8	1	0	2	5	1
114	1	4	190	192	2	1	600	2	1	0	1	0	1
43	0	5	67	186	119	7	3000	4	0	0	2	2	1
106	1	4	190	193	3	0	60	4	0	0	4	0	1
33	1	5	47	186	139	1	600	15	1	0	8	6	1
94	0	3	171	193	22	4	2400	5	1	0	0	4	1
108	1	4	190	192	2	0	600	2	0	0	2	0	1
83	0	5	152	194	42	5	3000	9	0	0	4	5	1
94	0	3	171	195	24	1	2400	6	1	0	2	3	1
108	1	4	190	195	5	1	600	5	0	0	4	1	1
66	0	5	118	194	76	0	60	7	0	0	4	3	1
94	0	3	171	196	25	3	2400	9	2	0	6	1	1
113	1	4	190	196	6	0	60	4	0	0	3	1	1
46	1	5	78	195	117	2	3000	17	0	0	6	11	1
94	0	3	171	196	25	0	2400	4	0	0	3	1	1
100	1	4	171	197	26	7	3000	3	0	0	1	2	1
112	2	5	190	193	3	0	2400	2	1	0	0	1	1
65	1	3	118	198	80	3	2400	13	3	0	8	2	1
94	0	3	171	199	28	2	2400	7	2	0	3	2	1
88	1	4	171	194	23	7	2400	6	0	0	4	2	1
112	2	5	190	193	3	7	2400	2	1	0	0	1	1
100	1	4	171	195	24	2	3000	4	0	0	2	2	1
112	2	5	190	193	3	1	2400	2	0	0	1	1	1
103	1	3	190	199	9	0	2400	3	2	0	1	0	1
100	1	4	171	194	23	6	3000	6	1	0	4	1	1
112	2	5	190	193	3	6	2400	2	0	0	1	1	1
112	2	5	190	193	3	2	2400	2	0	0	1	1	1
100	1	4	171	194	23	1	3000	4	1	0	2	1	1
112	2	5	190	193	3	5	2400	2	0	0	0	2	1
64	2	4	118	201	83	0	60	25	2	0	18	5	1
112	2	5	190	193	3	3	2400	2	0	0	0	2	1
56	0	4	118	200	82	0	600	15	0	0	9	6	1
112	2	5	190	204	14	4	2400	4	0	0	1	3	1
32	2	4	33	176	143	3	3000	20	0	0	11	9	1
70	1	5	135	204	69	0	600	17	1	0	7	9	1
103	1	3	190	198	8	7	2400	3	2	0	1	0	1
19	2	4	18	202	184	0	2400	28	0	0	10	18	1
43	0	5	67	204	137	8	3000	6	1	0	2	3	1
100	1	4	171	196	25	5	3000	4	1	0	1	2	1
100	1	4	171	204	33	9	3000	5	1	0	1	3	1
83	0	5	152	204	52	7	3000	11	0	0	5	6	1
49	0	4	98	206	108	0	600	8	0	0	5	3	1
35	1	5	47	207	160	0	2400	15	2	0	8	5	1
32	2	4	33	184	151	1	3000	35	1	0	16	18	1
43	0	5	67	207	140	0	3000	11	0	0	3	8	1
19	2	4	18	184	166	1	2400	26	1	0	16	9	1
25	1	5	33	197	164	1	600	29	1	0	14	14	1
0	0	5	0	184	184	0	600	12	0	0	5	7	1
88	1	4	171	214	43	3	2400	7	0	0	3	4	1
52	2	4	98	213	115	1	600	12	1	0	5	6	1
103	1	3	190	216	26	1	2400	10	2	0	4	4	1
94	0	3	171	218	47	5	2400	4	1	0	2	1	1
61	1	3	118	216	98	0	60	11	3	0	6	2	1
120	2	5	206	220	14	0	60	2	1	0	0	1	1
116	2	5	206	220	14	0	3000	2	1	0	0	1	1
117	2	5	206	220	14	0	60	2	0	0	1	1	1
116	2	5	206	227	21	5	3000	4	1	0	0	3	1
134	2	5	225	229	4	1	600	3	1	0	1	1	1
116	2	5	206	228	22	8	3000	6	1	0	1	4	1
134	2	5	225	227	2	0	600	2	1	0	0	1	1
116	2	5	206	226	20	2	3000	6	1	0	0	5	1
116	2	5	206	228	22	9	3000	3	0	0	1	2	1
116	2	5	206	226	20	1	3000	4	0	0	1	3	1
116	2	5	206	234	28	7	3000	3	0	0	2	1	1
131	1	4	225	230	5	0	60	2	1	0	0	1	1
116	2	5	206	226	20	6	3000	4	0	0	0	4	1
116	2	5	206	227	21	3	3000	2	0	0	0	2	1
83	0	5	152	234	82	1	3000	19	1	0	9	9	1
47	0	5	78	232	154	4	2400	21	1	0	5	15	1
132	1	4	225	230	5	0	600	2	0	0	0	2	1
43	0	5	67	238	171	5	3000	6	1	0	2	3	1
65	1	3	118	232	114	0	2400	11	0	0	6	5	1
139	1	4	225	236	11	0	60	4	1	0	0	3	1
43	0	5	67	233	166	1	3000	4	0	0	2	2	1
43	0	5	67	234	167	4	3000	6	0	0	2	4	1
118	1	4	206	241	35	5	3000	3	1	0	1	1	1
127	1	3	206	237	31	0	600	5	2	0	3	0	1
116	2	5	206	224	18	4	3000	3	1	0	0	2	1
132	1	4	225	235	10	1	600	2	0	0	0	2	1
105	1	5	190	237	47	9	3000	11	2	0	5	4	1
118	1	4	206	236	30	2	3000	2	0	0	0	2	1
101	0	5	171	243	72	1	600	12	1	0	6	5	1
147	1	4	237	241	4	0	60	2	1	0	0	1	1
83	0	5	152	243	91	6	3000	17	0	0	12	5	1
143	1	4	237	240	3	1	600	2	0	0	1	1	1
83	0	5	152	237	85	8	3000	16	0	0	5	11	1
141	1	4	237	240	3	0	3000	2	0	0	1	1	1
53	0	5	98	222	124	0	60	16	1	0	6	9	1
143	1	4	237	240	3	0	600	2	0	0	0	2	1
77	0	5	135	248	113	0	600	10	0	0	4	6	1
141	1	4	237	240	3	1	3000	2	0	0	0	2	1
47	0	5	78	228	150	7	2400	11	0	0	5	6	1
141	1	4	237	240	3	9	3000	2	0	0	0	2	1
47	0	5	78	248	170	3	2400	17	0	0	11	6	1
141	1	4	237	240	3	2	3000	2	0	0	1	1	1
46	1	5	78	248	170	0	3000	19	1	0	12	6	1
141	1	4	237	240	3	8	3000	2	0	0	1	1	1
43	0	5	67	248	181	2	3000	5	1	0	1	3	1
141	1	4	237	240	3	3	3000	2	1	0	0	1	1
43	0	5	67	228	161	3	3000	5	1	0	2	2	1
141	1	4	237	252	15	4	3000	3	0	0	2	1	1
141	1	4	237	241	4	5	3000	2	1	0	0	1	1
141	1	4	237	248	11	6	3000	4	0	0	3	1	1
141	1	4	237	248	11	7	3000	4	0	0	3	1	1
118	1	4	206	251	45	1	3000	4	0	0	1	3	1
118	1	4	206	251	45	8	3000	4	0	0	2	2	1
149	2	4	237	260	23	0	3000	9	1	0	6	2	1
149	2	4	237	260	23	3	3000	7	0	0	6	1	1
149	2	4	237	260	23	2	3000	9	0	0	5	4	1
149	2	4	237	260	23	4	3000	10	1	0	9	0	1
118	1	4	206	259	53	3	3000	6	0	0	1	5	1
118	1	4	206	255	49	6	3000	6	0	0	2	4	1
95	1	5	171	260	89	1	600	16	1	0	5	10	1
128	1	4	206	265	59	0	600	3	0	0	1	2	1
83	0	5	152	261	109	2	3000	14	2	0	6	6	1
123	1	4	206	265	59	0	60	8	0	0	5	3	1
80	1	5	135	261	126	1	600	21	1	0	7	13	1
118	1	4	206	267	61	4	3000	7	0	0	3	4	1
101	0	5	171	267	96	0	600	27	1	0	12	14	1
126	1	4	206	267	61	1	600	6	0	0	3	3	1
46	1	5	78	267	189	6	3000	30	1	0	13	16	1
103	1	3	190	251	61	3	2400	8	1	0	6	1	1
118	1	4	206	267	61	9	3000	5	0	0	4	1	1
95	1	5	171	267	96	0	600	17	0	0	6	11	1
98	0	5	171	268	97	0	60	24	4	0	9	11	1
118	1	4	206	268	62	7	3000	4	1	0	1	2	1
83	0	5	152	270	118	4	3000	20	1	0	10	9	1
118	1	4	206	270	64	0	3000	5	1	0	1	3	1
46	1	5	78	270	192	5	3000	36	0	0	19	17	1
126	1	4	206	264	58	0	600	5	1	0	3	1	1
47	0	5	78	271	193	5	2400	24	1	0	12	11	1
128	1	4	206	265	59	1	600	4	0	0	2	2	1
140	1	3	237	262	25	2	2400	6	1	0	1	4	1
43	0	5	67	266	199	6	3000	8	0	0	4	4	1
83	0	5	152	273	121	3	3000	27	0	0	14	13	1
43	0	5	67	273	206	9	3000	7	1	0	3	3	1
52	2	4	98	251	153	0	600	29	1	0	13	15	1
77	0	5	135	261	126	1	600	20	0	0	14	6	1
42	0	4	67	251	184	1	600	14	0	0	6	8	1
145	1	3	237	280	43	1	600	13	3	0	5	5	1
145	1	3	237	283	46	0	600	5	2	0	2	1	1
140	1	3	237	285	48	1	2400	6	2	0	1	3	1
140	1	3	237	284	47	7	2400	6	2	0	3	1	1
146	1	3	237	289	52	0	60	12	2	0	4	6	1
140	1	3	237	295	58	3	2400	11	4	0	4	3	1
137	1	3	225	294	69	0	60	15	2	0	5	8	1
140	1	3	237	295	58	0	2400	8	4	0	1	3	1
140	1	3	237	301	64	6	2400	14	2	0	3	9	1
138	1	3	225	301	76	1	600	10	3	0	4	3	1
138	1	3	225	301	76	0	600	8	3	0	3	2	1
103	1	3	190	301	111	2	2400	19	1	0	9	9	1
140	1	3	237	302	65	5	2400	14	1	0	7	6	1
149	2	4	237	299	62	8	3000	11	3	0	6	2	1
65	1	3	118	290	172	1	2400	24	1	0	8	15	1
140	1	3	237	303	66	4	2400	12	2	0	7	3	1
127	1	3	206	303	97	1	600	12	1	0	5	6	1
103	1	3	190	306	116	5	2400	14	0	0	6	8	1
149	2	4	237	297	60	7	3000	13	0	0	6	7	1
144	2	4	237	306	69	0	60	14	1	0	5	8	1
136	0	5	225	310	85	0	600	5	1	0	0	4	1
149	2	4	237	311	74	9	3000	21	1	0	10	10	1
122	0	5	206	308	102	0	600	5	1	0	0	4	1
124	1	5	206	310	104	0	60	21	1	0	9	11	1
149	2	4	237	307	70	5	3000	13	0	0	7	6	1
109	1	5	190	304	114	0	60	18	1	0	8	9	1
149	2	4	237	305	68	1	3000	14	1	0	6	7	1
125	0	4	206	305	99	4	2400	8	0	0	3	5	1
65	1	3	118	287	169	2	2400	13	0	0	8	5	1
107	0	5	190	312	122	0	60	5	1	0	2	2	1
148	0	4	237	298	61	0	60	4	1	0	3	0	1
142	0	4	237	297	60	1	600	4	1	0	3	0	1
149	2	4	237	296	59	6	3000	13	0	0	9	4	1
110	0	4	190	321	131	0	600	8	1	0	3	4	1
104	0	4	190	316	126	1	600	8	0	0	3	5	1
90	0	4	171	319	148	7	2400	9	0	0	4	5	1
142	0	4	237	332	95	0	600	12	0	0	6	6	1
133	2	4	225	329	104	0	60	23	2	0	9	12	1
125	0	4	206	328	122	6	2400	8	0	0	4	4	1
99	0	4	171	332	161	0	600	13	0	0	7	6	1
125	0	4	206	335	129	0	2400	9	0	0	4	5	1
125	0	4	206	334	128	5	2400	5	0	0	1	4	1
103	1	3	190	339	149	4	2400	18	1	0	10	7	1
122	0	5	206	340	134	1	600	8	1	0	3	4	1
105	1	5	190	336	146	7	3000	16	1	0	3	12	1
135	1	5	225	345	120	0	60	25	2	0	11	12	1
121	0	4	206	299	93	1	600	6	1	0	4	1	1
104	0	4	190	319	129	0	600	5	0	0	2	3	1
136	0	5	225	348	123	1	600	24	4	0	10	10	1
130	0	5	206	346	140	0	60	10	1	0	6	3	1
105	1	5	190	350	160	0	3000	14	1	0	3	10	1
87	1	5	152	344	192	0	600	38	0	0	14	24	1
