ID	s	d	TTL	size	genT
0	5	11	120	2400	0
1	5	9	120	60	0
2	5	11	120	3000	0
3	3	11	120	60	0
4	5	11	120	60	0
5	5	11	120	900	0
6	5	9	120	900	0
7	3	9	120	60	0
8	5	11	120	60	0
9	5	9	120	60	0
10	5	11	120	900	0
11	3	9	120	60	0
12	3	9	120	900	0
13	3	9	120	900	14
14	4	10	120	900	14
15	3	11	120	900	14
16	4	8	120	60	14
17	0	6	120	900	14
18	2	8	120	60	14
19	2	10	120	60	14
20	2	10	120	2400	14
21	2	8	120	900	14
22	2	8	120	900	14
23	0	6	120	900	14
24	1	7	120	60	14
25	5	9	120	900	21
26	5	11	120	60	21
27	2	10	120	900	21
28	1	7	120	60	21
29	0	6	120	900	21
30	3	9	120	900	21
31	3	11	120	2400	21
32	2	8	120	900	21
33	2	8	120	60	21
34	3	11	120	900	21
35	3	11	120	900	21
36	2	10	120	60	21
37	5	9	120	900	21
38	2	10	120	900	35
39	0	6	120	60	35
40	5	11	120	900	35
41	0	6	120	60	35
42	0	6	120	900	35
43	4	10	120	900	35
44	3	9	120	60	35
45	5	11	120	60	35
46	4	10	120	900	35
47	3	9	120	900	35
48	1	7	120	900	35
49	3	9	120	900	35
50	1	7	120	60	35
51	2	8	120	60	35
52	5	11	120	900	35
53	4	8	120	60	40
54	1	7	120	900	40
55	5	11	120	60	40
56	2	10	120	60	40
57	4	8	120	900	40
58	0	6	120	3000	40
59	3	11	120	900	40
60	4	8	120	900	40
61	3	9	120	900	40
62	5	9	120	60	40
63	2	10	120	900	55
64	5	11	120	60	55
65	3	9	120	900	55
66	1	7	120	60	55
67	5	9	120	900	55
68	5	11	120	3000	55
69	3	11	120	900	55
70	3	9	120	3000	55
71	1	7	120	60	55
72	3	9	120	60	55
73	5	11	120	3000	55
74	5	9	120	900	55
75	4	10	120	60	55
76	1	7	120	60	55
77	4	8	120	60	55
78	3	9	120	3000	69
79	3	9	120	60	69
80	3	11	120	60	69
81	5	11	120	900	69
82	3	9	120	900	69
83	5	11	120	900	69
84	5	7	120	3000	69
85	2	10	120	60	69
86	3	11	120	60	69
87	3	9	120	900	69
88	2	8	120	60	78
89	2	10	120	60	78
90	0	6	120	2400	78
91	0	6	120	900	78
92	5	11	120	900	78
93	5	9	120	60	78
94	5	9	120	2400	78
95	2	8	120	900	78
96	4	8	120	900	78
97	2	10	120	3000	78
98	2	10	120	2400	93
99	0	6	120	2400	93
100	1	7	120	60	93
101	3	11	120	2400	93
102	3	9	120	900	93
103	0	6	120	60	93
104	3	9	120	60	93
105	1	7	120	900	93
106	5	9	120	900	93
107	5	9	120	60	93
108	3	9	120	3000	93
109	2	10	120	2400	93
110	0	6	120	900	93
111	2	10	120	60	93
112	5	11	120	60	93
113	4	8	120	2400	103
114	1	7	120	60	103
115	5	9	120	60	103
116	5	9	120	900	103
117	5	9	120	3000	103
118	3	11	120	900	103
119	3	9	120	60	103
120	4	8	120	60	103
121	2	8	120	900	103
122	3	9	120	900	103
123	0	6	120	900	103
124	4	10	120	2400	103
125	2	10	120	900	103
126	4	10	120	60	117
127	5	11	120	60	117
128	5	9	120	60	117
129	0	6	120	60	117
130	3	11	120	60	117
131	5	9	120	900	117
132	3	11	120	3000	117
133	5	11	120	60	117
134	2	10	120	3000	117
135	2	10	120	900	117
136	1	7	120	900	117
137	5	11	120	900	117
138	2	8	120	900	117
139	3	9	120	900	122
140	1	7	120	900	122
141	2	8	120	3000	122
142	3	9	120	60	122
143	2	10	120	3000	122
144	1	7	120	3000	122
145	5	9	120	3000	122
146	3	9	120	60	122
147	4	10	120	60	122
148	5	11	120	900	122
149	1	7	120	900	133
150	1	7	120	60	133
151	5	7	120	900	133
152	1	7	120	60	133
153	4	8	120	2400	133
154	3	9	120	900	133
155	2	10	120	60	133
156	5	9	120	900	133
157	2	8	120	900	133
158	3	9	120	2400	133
159	3	7	120	60	133
160	5	9	120	900	145
161	5	11	120	60	145
162	3	11	120	900	145
163	5	9	120	60	145
164	0	10	120	60	145
165	0	8	120	900	145
166	5	9	120	900	145
167	5	9	120	3000	145
168	0	6	120	60	145
169	0	6	120	60	145
170	5	11	120	60	145
171	2	8	120	900	145
172	5	11	120	60	158
173	5	11	120	900	158
174	3	11	120	900	158
175	5	11	120	60	158
176	0	6	120	3000	158
177	3	11	120	60	158
178	0	6	120	2400	158
179	0	6	120	900	158
180	0	6	120	900	158
181	5	11	120	900	158
182	0	6	120	60	158
183	5	9	120	3000	158
184	3	11	120	60	158
185	2	10	120	60	165
186	5	11	120	900	165
187	2	10	120	900	165
188	3	11	120	900	165
189	1	7	120	900	165
190	0	6	120	900	165
191	3	9	120	900	165
192	5	9	120	60	165
193	3	9	120	60	165
194	5	9	120	900	165
195	3	11	120	900	165
196	2	10	120	60	172
197	2	10	120	900	172
198	5	11	120	60	172
199	0	6	120	900	172
200	5	11	120	900	172
201	0	6	120	900	172
202	1	7	120	60	172
203	1	7	120	60	172
204	5	11	120	3000	172
205	5	11	120	60	172
206	2	10	120	3000	172
207	2	10	120	60	179
208	4	10	120	60	179
209	2	8	120	3000	179
210	2	8	120	3000	179
211	3	11	120	60	179
212	3	9	120	3000	179
213	5	11	120	2400	179
214	0	6	120	60	179
215	3	9	120	60	179
216	2	10	120	60	179
217	3	9	120	900	179
218	4	8	120	60	179
219	5	9	120	60	190
220	4	10	120	60	190
221	5	11	120	60	190
222	4	10	120	900	190
223	4	6	120	900	190
224	5	11	120	60	190
225	5	9	120	900	190
226	5	11	120	60	190
227	1	7	120	60	190
228	5	9	120	2400	190
229	2	8	120	60	190
230	3	7	120	900	205
231	0	6	120	3000	205
232	2	10	120	3000	205
233	3	7	120	60	205
234	2	8	120	60	205
235	2	10	120	60	205
236	0	6	120	60	205
237	4	10	120	60	205
238	2	8	120	60	205
239	4	8	120	60	205
240	3	9	120	900	211
241	0	6	120	900	211
242	2	10	120	3000	211
243	5	7	120	900	211
244	2	10	120	60	211
245	4	10	120	900	211
246	5	9	120	900	211
247	4	8	120	3000	211
248	2	8	120	60	211
249	3	9	120	900	211
250	5	11	120	60	211
251	5	11	120	900	211
252	5	11	120	2400	226
253	0	8	120	60	226
254	5	11	120	60	226
255	3	9	120	60	226
256	3	9	120	60	226
257	3	11	120	60	226
258	2	10	120	900	226
259	3	9	120	60	226
260	0	8	120	2400	226
261	5	9	120	3000	226
262	2	10	120	900	226
263	2	8	120	60	226
264	5	11	120	900	226
265	0	6	120	60	232
266	3	9	120	60	232
267	0	6	120	60	232
268	2	10	120	900	232
269	3	11	120	60	232
270	5	11	120	60	232
271	5	11	120	3000	232
272	0	8	120	60	232
273	3	11	120	60	232
274	3	9	120	60	232
275	0	6	120	900	232
276	5	9	120	900	238
277	0	6	120	900	238
278	0	6	120	60	238
279	5	9	120	900	238
280	5	11	120	60	238
281	5	9	120	60	238
282	3	11	120	60	238
283	3	9	120	900	238
284	5	11	120	60	238
285	3	9	120	60	238
286	0	6	120	3000	238
287	3	9	120	2400	238
288	3	11	120	2400	238
289	5	11	120	2400	238
290	3	11	120	2400	238
