T	Packet per tau	Transmissions per tau
0	2	0
1	4	0
2	6	0
3	8	0
4	10	0
5	12	0
6	15	1
7	21	1
8	27	2
9	29	2
10	39	3
11	41	3
12	55	4
13	67	6
14	69	7
15	71	7
16	71	7
17	71	7
18	71	7
19	71	7
20	71	7
21	71	7
22	95	7
23	105	8
24	107	9
25	111	10
26	111	10
27	113	10
28	115	10
29	125	11
30	139	12
31	149	14
32	149	14
33	149	14
34	149	14
35	149	14
36	149	14
37	149	14
38	155	14
39	161	14
40	166	14
41	168	14
42	172	14
43	180	14
44	188	14
45	198	16
46	204	17
47	208	17
48	214	17
49	220	17
50	224	17
51	229	17
52	237	17
53	247	18
54	259	19
55	263	19
56	274	19
57	276	19
58	278	19
59	280	19
60	282	20
61	284	20
62	290	21
63	294	21
64	310	23
65	314	24
66	314	24
67	316	24
68	318	24
69	320	24
70	329	24
71	339	24
72	347	24
73	357	24
74	367	24
75	375	24
76	377	24
77	380	25
78	382	25
79	385	26
80	387	26
81	391	26
82	399	26
83	403	27
84	405	27
85	411	27
86	418	27
87	428	27
88	435	27
89	445	27
90	450	28
91	458	28
92	467	30
93	471	30
94	475	30
95	479	30
96	485	30
97	490	31
98	493	32
99	499	32
100	509	32
101	517	32
102	525	33
103	531	33
104	547	34
105	558	34
106	562	35
107	566	35
108	568	35
109	570	35
110	572	35
111	575	36
112	581	36
113	589	36
114	592	36
115	596	37
116	602	38
117	612	41
118	630	43
119	642	44
120	656	46
121	668	48
122	674	48
123	681	50
124	685	50
125	690	51
126	696	51
127	702	51
128	706	51
129	710	52
130	714	53
131	720	54
132	720	54
133	722	54
134	722	54
135	722	54
136	722	54
137	726	55
138	726	55
139	728	55
140	730	55
141	734	57
142	736	57
143	736	57
144	738	57
145	744	57
146	746	57
147	750	58
148	770	58
149	775	59
150	778	60
151	786	62
152	794	63
153	799	64
154	807	65
155	812	66
156	816	66
157	820	66
158	824	66
159	826	66
160	828	66
161	830	66
162	832	66
163	836	66
164	844	68
165	848	69
166	854	70
167	856	70
168	856	70
169	858	70
170	860	70
171	864	70
172	868	70
173	868	70
174	870	70
175	872	70
176	874	70
177	876	70
178	878	70
179	878	70
